51.0901497	35.7456386
51.0890493	35.7429636
51.0933876	35.7421762
51.0989731	35.7409334
51.1026979	35.7402594
51.104756	35.7399383
51.1136635	35.7375146
51.1137546	35.7374884
51.1164378	35.7364194
51.1236697	35.7329578
51.1252179	35.7310599
51.1257776	35.730269
51.1273957	35.7280037
51.1283693	35.726792
51.131679	35.7235613
51.1321352	35.723096
51.1325589	35.7227039
51.1339672	35.7215959
51.1349819	35.72082
51.1355659	35.720359
51.1360812	35.7199603
51.1391449	35.7176549
51.1413307	35.7163899
51.142546	35.7157795
51.1434179	35.7153904
51.1471905	35.7138823
51.152046	35.712236
51.1621145	35.7085122
51.1628078	35.7082557
51.1657839	35.7076823
51.1722415	35.7061907
51.1764114	35.7051047
51.1794337	35.7043488
51.1807934	35.7039797
51.1824841	35.703401
51.183418	35.7031228
51.1857415	35.7021978
51.1901568	35.7004326
51.1966753	35.6978452
51.2020825	35.6956827
51.2064329	35.6939424
51.2102013	35.6923784
51.2127513	35.6913353
51.2164431	35.6899889
51.2175907	35.6895566
51.220004	35.6885288
51.2214286	35.6869942
51.2235382	35.6871052
51.2245961	35.6866969
51.2256686	35.6862743
51.2262811	35.6860687
51.2276385	35.6855387
51.2277997	35.6845832
51.2306453	35.6840225
51.2333501	35.683573
51.2325182	35.6820743
51.2316008	35.6807271
51.2308184	35.6793187
51.2304642	35.6775739
51.2304533	35.6768611
51.2305213	35.675191
51.2305864	35.6743931
51.2308017	35.6731431
51.2309854	35.6723432
51.2314199	35.6711332
51.2317086	35.670428
51.232076	35.6696861
51.2326997	35.6686264
51.2331312	35.6680032
51.2334018	35.6676585
51.2335057	35.6675157
51.2341971	35.6666741
51.2350686	35.6657662
51.2358831	35.6649989
51.2366459	35.6643844
51.2372896	35.6638721
51.2383635	35.6631916
51.2392876	35.6626345
51.2395867	35.6624667
51.2402993	35.6621211
51.2412418	35.6616891
51.2423079	35.6612621
51.2447821	35.6603235
51.2508768	35.6581253
51.2516963	35.6578264
51.2586609	35.6552857
51.2709795	35.6505013
51.2746856	35.6490051
51.2793906	35.6472297
51.2804473	35.6467733
51.2821947	35.6460183
51.2825714	35.6458492
51.285098	35.6447149
51.2857973	35.6443967
51.2873202	35.6437041
51.2915857	35.6417245
51.2990177	35.6380512
51.301173	35.6369689
51.3038112	35.6356438
51.3056536	35.6347184
51.310677	35.6321951
51.3114947	35.6317621
51.3138065	35.630538
51.3155898	35.6294183
51.316418	35.6288655
51.3172575	35.6282217
51.3188816	35.6268575
51.3195419	35.6262263
51.3209275	35.6247797
51.3213908	35.6242637
51.3230066	35.6222917
51.3231013	35.6221968
51.3240164	35.6210814
51.3246312	35.6203321
51.3248439	35.6200969
51.3299043	35.6145909
51.330589	35.6138458
51.3343812	35.6104882
51.3376301	35.6092481
51.3405811	35.6081217
51.3434509	35.6078458
51.347805	35.6074271
51.3488193	35.6075594
51.3517458	35.6078081
51.3552414	35.6086153
51.3565655	35.6088269
51.3577661	35.6092892
51.3600945	35.6100359
51.3614859	35.6105894
51.3630837	35.6110077
51.3662258	35.6118739
51.3707345	35.6131087
51.3718216	35.6133509
51.3730251	35.613619
51.3768767	35.6140551
51.3789045	35.6141467
51.3797628	35.6141162
51.3855868	35.6139703
51.387478	35.6138072
51.3904081	35.6136005
51.40025	35.6141058
51.4022014	35.612492
51.4021746	35.6123943
51.403318	35.6117057
51.4045735	35.6109354
51.4059894	35.6107728
51.406708	35.610655
51.4071961	35.6107685
51.4074178	35.610738
51.4073636	35.6104534
51.4070217	35.6090364
51.4062304	35.6071015
51.4057499	35.6051811
51.4061628	35.6051287
51.4066256	35.6048686
51.4067739	35.6050059
51.40741	35.604873
51.4073719	35.6047029
51.4075615	35.6046445
51.4075346	35.6044834
51.4080175	35.6042658
51.4075562	35.6035984
51.4076353	35.6031579
51.4077011	35.6031627
51.4092422	35.603275
51.4093796	35.6032194
51.4101934	35.6028897
51.4103916	35.6019592
51.411171	35.6007574
51.4114726	35.6001941
51.4118161	35.5994189
51.4120745	35.5988352
51.4129849	35.5977356
51.4130366	35.597673
51.4131461	35.5977294
51.4132366	35.5975241
51.4133178	35.5973395
51.4135731	35.5967751
51.4137493	35.5962961
51.413872	35.5960281
51.4137919	35.5958986
51.4145358	35.5942827
51.4146854	35.5939575
51.41551	35.5921626
51.4165029	35.5921956
51.4170234	35.5911032
51.4171734	35.5903404
51.4171652	35.590135
51.4169953	35.5899423
51.4168971	35.5888668
51.4168826	35.5886182
51.4169687	35.5873637
51.4168227	35.5872777
51.4168288	35.5871858
51.417012	35.5867797
51.4170066	35.5856184
51.4169355	35.5846726
51.4173932	35.58321
51.4162272	35.5829492
51.4166316	35.5818233
51.4168538	35.5812766
51.4165556	35.5812019
51.4167773	35.5805579
51.4173901	35.5800476
51.4170248	35.5798002
51.4170636	35.5796216
51.417703	35.5791437
51.417424	35.5789284
51.4174891	35.5787228
51.4178377	35.5783215
51.4175973	35.5779007
51.4174552	35.5756323
51.4174458	35.5754848
51.4181853	35.5749062
51.4186367	35.574553
51.4195349	35.5738503
51.4193616	35.5734522
51.4195981	35.573276
51.4196763	35.573218
51.4203001	35.5713138
51.4262432	35.5726637
51.4266665	35.5727598
51.4261944	35.5753801
51.4261149	35.5757491
51.4260873	35.5761002
51.4260412	35.5763251
51.425966	35.5766888
51.4257669	35.5776839
51.4256432	35.5782991
51.4256263	35.578401
51.4258114	35.5784341
51.4258983	35.5787853
51.4260995	35.5789929
51.4265491	35.5796572
51.4270336	35.5802266
51.4274113	35.580019
51.4280599	35.5798504
51.4284371	35.5802601
51.4271888	35.5814473
51.4269537	35.5820273
51.4271779	35.5821481
51.4275692	35.5823042
51.4279626	35.5824123
51.4282849	35.5824562
51.4286769	35.5824779
51.4290477	35.5824918
51.4294582	35.5825249
51.4297614	35.5825192
51.430145	35.5824869
51.4305649	35.582431
51.4310435	35.5823171
51.4313994	35.5822287
51.4318253	35.5821231
51.4323388	35.5819942
51.4338613	35.5813948
51.4345101	35.5811346
51.4350822	35.580913
51.4357585	35.5806272
51.436106	35.5804904
51.4363345	35.5803987
51.4365706	35.5803143
51.4368717	35.5802169
51.4370219	35.5802079
51.4372108	35.5802044
51.4373552	35.5802471
51.4375184	35.5802845
51.4384119	35.5802643
51.4386029	35.5802765
51.4391613	35.5803615
51.439522	35.5804624
51.4405633	35.5807267
51.441908	35.581037
51.4420314	35.5810027
51.442436	35.5809862
51.4426767	35.5809932
51.4435961	35.581081
51.4453393	35.5810096
51.4458384	35.5809711
51.4460737	35.580966
51.4467131	35.5809572
51.4469567	35.5809688
51.4471729	35.5809792
51.4475098	35.5810399
51.4488048	35.5817505
51.4489393	35.5818244
51.4494591	35.5820076
51.4505602	35.5823539
51.4508189	35.5822807
51.4509614	35.5817011
51.451028	35.5814137
51.4510557	35.5812803
51.4510604	35.5811856
51.4510538	35.5810527
51.4510666	35.5809603
51.4511002	35.5808587
51.451152	35.5807297
51.4512199	35.5805799
51.4512798	35.5804461
51.4513046	35.5802825
51.4512953	35.5800192
51.451266	35.5799623
51.4511352	35.579881
51.450981	35.5797874
51.4509655	35.5794513
51.4509437	35.5793052
51.4507932	35.5789545
51.4506517	35.5784833
51.450624	35.5783913
51.4495935	35.5789012
51.448993	35.5792822
51.4489606	35.5790122
51.4487555	35.5782193
51.44858	35.5774091
51.4506613	35.5772571
51.4510401	35.5772137
51.4515069	35.5773747
51.4564887	35.5790689
51.4579684	35.576733
51.4580751	35.5767829
51.4586505	35.5760017
51.4589909	35.5755852
51.4599317	35.5759136
51.4601847	35.5755182
51.4603675	35.575052
51.4605853	35.5745061
51.4607935	35.5740229
51.4609974	35.5737474
51.4614081	35.573681
51.4617983	35.5736602
51.4621685	35.5735388
51.4627529	35.5733335
51.4631077	35.5731803
51.4634041	35.5730479
51.464467	35.5723875
51.4645872	35.5721203
51.4652323	35.5708496
51.4652753	35.570765
51.4653849	35.570549
51.4666259	35.5682071
51.4675185	35.5682418
51.4685905	35.5683444
51.4693233	35.5684069
51.4699984	35.5685074
51.4704559	35.5686146
51.4719468	35.5691254
51.4718609	35.5695106
51.4721364	35.5696236
51.4714958	35.5702387
51.4710764	35.5706329
51.4708872	35.5705105
51.4707151	35.5707657
51.4705037	35.5706789
51.4703541	35.5709291
51.4702612	35.5709295
51.4701541	35.571034
51.4700328	35.5711753
51.4695391	35.5719225
51.4692483	35.5724947
51.4689434	35.5731362
51.4688202	35.57354
51.4686915	35.5738172
51.4683555	35.5743482
51.4680763	35.5747498
51.4678886	35.5749477
51.4676346	35.5751952
51.4674475	35.5754017
51.4671735	35.5757281
51.4670064	35.5759665
51.4665183	35.5766678
51.4662959	35.5770151
51.4661553	35.5773051
51.4653459	35.5788234
51.4650191	35.5793748
51.4648564	35.579685
51.4644853	35.5803556
51.4643766	35.58054
51.4643156	35.5806585
51.4642669	35.5807926
51.4642251	35.5810625
51.4642205	35.5814134
51.4641754	35.5816117
51.4640223	35.5817967
51.4638777	35.5819628
51.4637095	35.5821094
51.4636428	35.5822231
51.4636075	35.5823521
51.4635361	35.5828456
51.4635117	35.5831212
51.4634076	35.5833756
51.4630827	35.5840192
51.4628205	35.5845041
51.4627076	35.5847054
51.462613	35.5848345
51.4624521	35.5850248
51.462276	35.5852328
51.462093	35.585448
51.4619444	35.5856711
51.4615121	35.5863279
51.4614027	35.5865296
51.46131	35.5867322
51.4612566	35.58687
51.4614298	35.5869113
51.4608642	35.5877973
51.4603245	35.5886625
51.4599801	35.5891882
51.4596514	35.5896914
51.458553	35.5912338
51.4576539	35.5929093
51.4576097	35.5929892
51.4574309	35.5931164
51.4570349	35.5937439
51.4564726	35.5946908
51.4560185	35.5955424
51.4552538	35.5968773
51.4549978	35.5976677
51.4548769	35.5995304
51.4554264	35.6020872
51.4557997	35.6040849
51.4560728	35.6057014
51.4563201	35.6071278
51.4560492	35.6083786
51.455981	35.6086498
51.4560425	35.6093245
51.4566158	35.6102122
51.4573586	35.6107472
51.458029	35.611038
51.4592037	35.6114788
51.4604205	35.6119115
51.4618617	35.612417
51.4632724	35.6128743
51.4644115	35.6132537
51.4663777	35.6139471
51.4679374	35.6142294
51.4688636	35.6145651
51.4699388	35.615726
51.4712176	35.6173572
51.4715272	35.6179472
51.4721708	35.6179709
51.4723005	35.6178946
51.4728654	35.6179938
51.4777202	35.6125442
51.4800415	35.6139826
51.4802169	35.6139649
51.480261	35.6139427
51.4806479	35.6137424
51.4807735	35.6136848
51.4838154	35.6124535
51.4858751	35.6114429
51.4872024	35.6107823
51.4893247	35.6097897
51.490326	35.6092745
51.4929793	35.6079794
51.4939156	35.6086254
51.4954731	35.6075155
51.4984124	35.6057444
51.5005203	35.606345
51.5022249	35.6075565
51.5028427	35.6086617
51.5000971	35.6111117
51.4988599	35.6121789
51.4987464	35.6125334
51.4996167	35.612931
51.4984953	35.6140213
51.4992213	35.6144668
51.5003812	35.614934
51.5013508	35.6157401
51.502667	35.6145065
51.5035606	35.6131553
51.5043675	35.6142601
51.5045838	35.6153834
51.5042724	35.6164074
51.5040239	35.6169178
51.5037754	35.6175797
51.5032301	35.6196689
51.5041849	35.6221757
51.5050407	35.6237615
51.5059667	35.6253666
51.5073056	35.62792
51.5077998	35.6296083
51.5078542	35.6301354
51.5079619	35.6309401
51.5080521	35.6339249
51.5122268	35.6343629
51.5120613	35.6359813
51.511268	35.6360321
51.5112171	35.6371804
51.5078817	35.6379139
51.5064239	35.6377258
51.5061826	35.6377127
51.5045774	35.6374611
51.50432	35.6374464
51.5040164	35.637417
51.5019863	35.637114
51.5014025	35.6392403
51.5010881	35.6408551
51.5011207	35.6412901
51.5013437	35.6427574
51.5015297	35.6438448
51.5016295	35.6445607
51.502403	35.6446374
51.5025555	35.6446254
51.5054688	35.6443641
51.5075923	35.6441634
51.5077963	35.6445464
51.5085761	35.645462
51.5095054	35.6462429
51.5104155	35.6470623
51.5115401	35.6477758
51.5126058	35.6484887
51.5136652	35.6491159
51.5146138	35.6505961
51.5151405	35.6517246
51.5154938	35.6528067
51.5160796	35.6541234
51.5163764	35.6553942
51.516514	35.6560725
51.5166149	35.6565711
51.5169126	35.6579832
51.5172754	35.6605258
51.5176293	35.6617021
51.5180982	35.6627838
51.5186251	35.6639122
51.5194406	35.6650394
51.520313	35.6660251
51.5213009	35.6670102
51.5224602	35.6677119
51.5228172	35.6679662
51.5232466	35.6691262
51.5225372	35.6694275
51.5139967	35.6730433
51.5142428	35.6737014
51.5190585	35.6770578
51.5057816	35.6901596
51.5057388	35.6906065
51.505726	35.6908956
51.5056646	35.691018
51.5055739	35.6911078
51.5053807	35.6911921
51.50418	35.6914236
51.5005374	35.6920057
51.50009	35.6920411
51.4993954	35.6920314
51.4988324	35.6921186
51.4949378	35.6929218
51.4964671	35.6942471
51.4972696	35.6950123
51.497518	35.6952743
51.4976821	35.6955205
51.4980717	35.6962034
51.4985006	35.696866
51.4991832	35.6979332
51.4994224	35.698292
51.4995668	35.6984713
51.5001351	35.6991066
51.5003309	35.6993327
51.5005186	35.6995641
51.5006977	35.6998001
51.5008678	35.7000404
51.5010281	35.7002837
51.5010762	35.7003939
51.5011086	35.7005635
51.5013047	35.700952
51.5013425	35.7010158
51.5013591	35.7010433
51.5013786	35.7010747
51.501399	35.7011067
51.5014136	35.7011283
51.5014309	35.7011534
51.5014478	35.701177
51.5014755	35.7012132
51.5015046	35.7012487
51.5015084	35.7012529
51.501535	35.7012834
51.5015668	35.7013174
51.5015999	35.7013504
51.5016342	35.7013827
51.5016698	35.701414
51.5017066	35.7014444
51.5017366	35.7014678
51.5017657	35.7014896
51.5017935	35.7015097
51.5018271	35.7015332
51.5018684	35.7015614
51.5019222	35.7015974
51.5023065	35.701852
51.5023877	35.7019051
51.5024285	35.7019312
51.5024604	35.701951
51.5024764	35.7019607
51.5025084	35.7019797
51.5025324	35.7019934
51.5025569	35.7020072
51.5025894	35.7020246
51.5026061	35.7020332
51.502649	35.7020542
51.5026927	35.702074
51.5027371	35.7020927
51.5027823	35.7021102
51.5028281	35.7021266
51.5028746	35.7021417
51.5029216	35.7021555
51.5029692	35.7021681
51.5030172	35.7021795
51.5030657	35.7021896
51.5031145	35.7021984
51.5031338	35.7022015
51.503153	35.7022044
51.5031915	35.7022097
51.5032305	35.7022144
51.5032698	35.7022185
51.5033095	35.7022222
51.5033566	35.7022261
51.5034101	35.70223
51.5034919	35.7022353
51.5040675	35.7022711
51.5041715	35.7022778
51.5042411	35.7022826
51.504276	35.7022851
51.5043459	35.7022906
51.5043809	35.7022936
51.504416	35.7022968
51.5044511	35.7023002
51.5044863	35.7023038
51.5045215	35.7023077
51.5045567	35.7023118
51.504592	35.7023162
51.5046272	35.7023208
51.5046625	35.7023258
51.5046977	35.7023312
51.504709	35.7023331
51.5048454	35.7023574
51.5048529	35.7023585
51.5048605	35.7023595
51.5048681	35.7023602
51.5048757	35.7023607
51.5048834	35.702361
51.504891	35.7023611
51.5048987	35.702361
51.5049064	35.7023606
51.504914	35.7023601
51.5049216	35.7023593
51.5049292	35.7023583
51.5049367	35.7023571
51.5049441	35.7023557
51.5049515	35.7023541
51.5049589	35.7023522
51.5049661	35.7023502
51.5049876	35.7023434
51.505002	35.7023393
51.5050167	35.7023357
51.5050315	35.7023324
51.5050464	35.7023296
51.5050615	35.7023272
51.5050766	35.7023252
51.5050918	35.7023236
51.5051071	35.7023225
51.5051224	35.7023218
51.5051377	35.7023215
51.5051531	35.7023217
51.5051684	35.7023223
51.5051837	35.7023233
51.5051989	35.7023248
51.5052141	35.7023267
51.5052291	35.702329
51.5052534	35.7023335
51.5052928	35.70234
51.5053319	35.7023476
51.5053706	35.7023563
51.505409	35.702366
51.505447	35.7023768
51.5054844	35.7023886
51.5055214	35.7024015
51.5055578	35.7024154
51.5055936	35.7024302
51.5056287	35.7024461
51.5056632	35.7024629
51.505697	35.7024807
51.50573	35.7024994
51.5057622	35.702519
51.5057935	35.7025395
51.505824	35.7025609
51.5058536	35.7025831
51.5058822	35.702606
51.5059099	35.7026298
51.5059379	35.7026527
51.5059622	35.7026796
51.5059776	35.7026995
51.50601	35.7027384
51.506044	35.7027764
51.5060796	35.7028134
51.5061168	35.7028494
51.5061556	35.7028843
51.5061957	35.702918
51.5062373	35.7029507
51.5062803	35.7029821
51.5072806	35.7036882
51.5073721	35.7037507
51.507466	35.7038108
51.5075622	35.7038684
51.5076606	35.7039234
51.5077612	35.7039759
51.5077256	35.7040378
51.5078888	35.7040965
51.5080217	35.7042195
51.5092588	35.7046424
51.5096444	35.7047665
51.509863	35.7047997
51.510183	35.7049444
51.510497	35.7050975
51.5109267	35.7053352
51.5123803	35.7060746
51.5125546	35.7062046
51.5125987	35.7062387
51.5126413	35.706274
51.5126823	35.7063105
51.5127218	35.7063482
51.5127596	35.7063869
51.5127972	35.7064284
51.5128316	35.7064692
51.5127638	35.7083065
51.5125686	35.7087613
51.512216	35.7095523
51.5118495	35.7104078
51.5117125	35.7107275
51.5112408	35.711828
51.5112128	35.711897
51.5111878	35.7119667
51.5111656	35.7120371
51.5111464	35.7121081
51.5111302	35.7121796
51.511117	35.7122514
51.5111068	35.7123236
51.5110997	35.7123961
51.5110955	35.7124686
51.5110892	35.7125639
51.5110867	35.7126593
51.5110882	35.7127547
51.5110936	35.7128501
51.5111029	35.7129452
51.5111162	35.71304
51.5111333	35.7131344
51.5111544	35.7132282
51.5111791	35.7133215
51.5112078	35.7134141
51.5112402	35.7135057
51.5115723	35.714249
51.5116303	35.7143853
51.5116828	35.7145228
51.51173	35.7146614
51.5117719	35.7148014
51.5118083	35.7149423
51.5118392	35.7150841
51.5119178	35.7154676
51.5120833	35.7164918
51.5121546	35.7167263
51.5124074	35.7169804
51.512594	35.7171763
51.512637	35.7172014
51.5128223	35.7172207
51.5131813	35.7172569
51.5134005	35.7173943
51.5134189	35.7177634
51.5134581	35.718296
51.51358	35.7183815
51.5140732	35.7184277
51.5146276	35.7185278
51.5148202	35.7184939
51.5151997	35.7182814
51.5160029	35.7184675
51.5167379	35.7182593
51.5181158	35.7185116
51.5182414	35.7180959
51.5188191	35.7180042
51.5201389	35.7176035
51.5204508	35.7179192
51.5218843	35.7178883
51.5250897	35.7175463
51.5261033	35.7165409
51.525755	35.7153746
51.5270742	35.7146872
51.5276268	35.717207
51.5294288	35.7170407
51.5318214	35.7171701
51.532746	35.7186269
51.5339939	35.7179605
51.5338623	35.7164737
51.5350688	35.7171334
51.5355762	35.7179213
51.5374794	35.7186628
51.5397143	35.7181594
51.539571	35.7170785
51.5398416	35.7158133
51.5418912	35.7151828
51.5436506	35.7158333
51.5445292	35.7160676
51.5458359	35.7160676
51.5456203	35.7175521
51.5462102	35.7176758
51.5477135	35.7174334
51.5491874	35.717619
51.5501092	35.7184642
51.5528916	35.7187804
51.5540877	35.7183024
51.5544532	35.7181563
51.5545897	35.7181017
51.5548556	35.7181444
51.5573924	35.7185517
51.5602687	35.7185209
51.5646713	35.7168201
51.5662048	35.7163253
51.5697942	35.7176647
51.5708542	35.7160611
51.5718668	35.7158176
51.5733665	35.7165964
51.5753561	35.7168162
51.5770362	35.7163948
51.5786936	35.7167336
51.5803399	35.7164953
51.582381	35.7174481
51.5834747	35.7178513
51.5860122	35.7184193
51.5878163	35.7189782
51.5891254	35.7192869
51.5894573	35.7184291
51.5931245	35.7190306
51.5981251	35.7193313
51.598903	35.7197524
51.5986957	35.7220399
51.5986022	35.7239407
51.596952	35.7238257
51.5969351	35.7241279
51.593197	35.7238562
51.5919355	35.7236744
51.5895785	35.7233172
51.5889376	35.7233205
51.5883053	35.723426
51.5879992	35.723535
51.5877736	35.7238126
51.5875912	35.7241392
51.5875751	35.7244659
51.5876716	35.724762
51.5885577	35.7258832
51.5883475	35.7260293
51.5883031	35.7262638
51.5891098	35.7268048
51.5895122	35.7269807
51.5900852	35.7273772
51.59082	35.7278679
51.5912873	35.728189
51.5915705	35.728379
51.5916666	35.7284458
51.5917447	35.7285043
51.5919175	35.7286183
51.5920201	35.7286946
51.5922593	35.7288966
51.5925529	35.7291528
51.5928718	35.7294379
51.5932372	35.7297606
51.5935753	35.7300373
51.5939004	35.7303018
51.594156	35.7305296
51.595435	35.7316676
51.5957042	35.7319244
51.5959224	35.7321507
51.5960649	35.7322581
51.596364	35.7324444
51.5976409	35.7331664
51.5979906	35.7333529
51.5982366	35.7334886
51.5984381	35.7336131
51.5989577	35.7340133
51.6002006	35.7349222
51.6005496	35.7352134
51.6009526	35.7355175
51.6014056	35.7358568
51.6015565	35.7359562
51.6016694	35.7361036
51.6018094	35.7363048
51.6019495	35.7364941
51.6021794	35.7368173
51.6025486	35.7373187
51.6045947	35.7399893
51.6047902	35.7402823
51.6049485	35.7405572
51.6051004	35.7409264
51.6051991	35.7412501
51.6053486	35.7417602
51.6054784	35.7421676
51.6058896	35.7431005
51.6063007	35.7440333
51.6062636	35.7440466
51.6062651	35.74405
51.6060063	35.7441442
51.6055954	35.7442858
51.6053692	35.7443668
51.6053454	35.7443746
51.6053025	35.7443902
51.6050184	35.7444845
51.6044786	35.7446627
51.6038627	35.7448283
51.6027889	35.7451149
51.6009411	35.7455885
51.6008495	35.7456096
51.5994775	35.7461146
51.5990948	35.7462582
51.5978008	35.7467367
51.5977165	35.7467732
51.5958654	35.7475779
51.5957837	35.7476075
51.5951665	35.7478334
51.5947498	35.7479851
51.5940965	35.7482205
51.5938562	35.7482604
51.592867	35.7484381
51.5925627	35.7484376
51.5924587	35.7484375
51.5911263	35.7484265
51.5904595	35.7484189
51.5885143	35.7484548
51.5881214	35.7485433
51.587124	35.7487858
51.5866221	35.748916
51.5851406	35.7495497
51.5830923	35.7504337
51.5795532	35.75212
51.5781675	35.753064
51.5773011	35.7542876
51.5768148	35.7551583
51.5768054	35.7551755
51.5767877	35.7552067
51.5758456	35.7568937
51.5748878	35.7580226
51.5746127	35.7583541
51.5744941	35.7584867
51.5744331	35.7585586
51.5727559	35.7598779
51.5724561	35.7601153
51.5702528	35.7618491
51.5701392	35.7619359
51.5699916	35.7620521
51.5696932	35.7622769
51.5692747	35.7625968
51.5688477	35.762914
51.5676184	35.7638403
51.5675953	35.7638542
51.5675871	35.7638603
51.5673095	35.7640263
51.5649582	35.7654427
51.5647881	35.7655487
51.5642182	35.7659187
51.5623679	35.7671337
51.5609315	35.7680951
51.5605469	35.7683514
51.5603913	35.7684559
51.5599739	35.7687032
51.5598053	35.7688055
51.558899	35.7693614
51.5572542	35.7701237
51.5562192	35.7704852
51.5541672	35.7712032
51.5510465	35.7723006
51.5476846	35.7734719
51.5442077	35.7746896
51.5440097	35.774759
51.5423922	35.7753249
51.5420491	35.7754283
51.5402377	35.7759741
51.5375468	35.7765465
51.534897	35.7769599
51.5339309	35.7771111
51.5272702	35.7773022
51.5276131	35.7787676
51.5283007	35.7848002
51.5283696	35.7861135
51.5284602	35.787086
51.5290422	35.788632
51.5297264	35.7903556
51.530155	35.7915734
51.5302792	35.7918816
51.5304653	35.7918428
51.5310786	35.7917627
51.5313427	35.7917409
51.5315325	35.7917306
51.5317227	35.7917258
51.5319129	35.7917265
51.532103	35.7917325
51.5322927	35.791744
51.5324818	35.7917609
51.5337211	35.791789
51.5342935	35.7918067
51.5344221	35.7918145
51.5348648	35.7918612
51.5354372	35.7919289
51.5359325	35.7919896
51.5370725	35.7921463
51.5382841	35.7923654
51.5381562	35.7930566
51.5381443	35.793138
51.5381553	35.7932904
51.5381792	35.7935018
51.5382411	35.7937984
51.5382796	35.7939568
51.5369288	35.7941712
51.5365814	35.7942071
51.5362578	35.7942304
51.5360427	35.7942168
51.5359461	35.7941992
51.5358735	35.7941788
51.5357987	35.7941484
51.5357443	35.7941202
51.5356456	35.7940509
51.5356044	35.7940113
51.535514	35.7939039
51.5354059	35.7937629
51.5352991	35.7938392
51.5351708	35.7941238
51.5351435	35.7942298
51.5351002	35.794457
51.5350821	35.7946639
51.5352029	35.795091
51.5353023	35.7954868
51.5354977	35.7954393
51.535634	35.7953971
51.5358071	35.7953665
51.5358298	35.7954042
51.5359346	35.7956199
51.536116	35.7958397
51.5361239	35.7958547
51.5366413	35.7955796
51.5369392	35.7954399
51.5373484	35.7953068
51.5375069	35.7952348
51.5376374	35.7951922
51.5380958	35.7952564
51.5382761	35.7952878
51.5386641	35.7957499
51.5392014	35.7959871
51.5389286	35.7965046
51.5387094	35.7965571
51.5385652	35.7966055
51.5384096	35.7966984
51.5383206	35.7968261
51.5382589	35.7969441
51.5381733	35.7969827
51.5380566	35.7970533
51.537983	35.7971459
51.5379639	35.7972191
51.5379137	35.7973021
51.5378321	35.7973629
51.5377933	35.7974045
51.5377592	35.7975542
51.5377991	35.7976781
51.5378035	35.7977509
51.537783	35.7978076
51.5377492	35.7979379
51.5377498	35.7980284
51.5377849	35.7980905
51.5378547	35.7981411
51.5380984	35.7982418
51.5381546	35.7983321
51.5381901	35.7984507
51.5382465	35.7985806
51.5383721	35.7986649
51.5382332	35.7986655
51.5379413	35.7986215
51.5379001	35.7987009
51.5377762	35.7988599
51.5376724	35.7989169
51.5374226	35.7989463
51.5373114	35.7989242
51.537284	35.7989138
51.5372852	35.7989066
51.5372289	35.7989816
51.5371644	35.7991081
51.5371394	35.7993039
51.5370708	35.7994996
51.536745	35.7994163
51.5367274	35.7994301
51.5366981	35.7995061
51.5366536	35.7996993
51.5366392	35.7997967
51.5366743	35.8000499
51.5368329	35.8006977
51.5368886	35.8028411
51.5368602	35.8031471
51.5368357	35.8034935
51.5368317	35.8036025
51.5367941	35.8038361
51.5366854	35.8042429
51.5364126	35.8049841
51.536361	35.8051908
51.5369752	35.8053179
51.5372795	35.805373
51.5375731	35.8054205
51.5375389	35.8055416
51.5375398	35.8056652
51.5375854	35.8058557
51.5375674	35.8060103
51.5375679	35.8060824
51.5376009	35.8062781
51.5376047	35.8063702
51.5373884	35.8064751
51.5372708	35.8065803
51.5372051	35.8066545
51.5371684	35.8067273
51.5370817	35.8068164
51.5369844	35.8069496
51.5369284	35.8070759
51.5369522	35.8072401
51.5370201	35.8074625
51.5370597	35.8075513
51.5370844	35.8077357
51.5370741	35.807952
51.5370513	35.8080476
51.5370793	35.808146
51.5371664	35.8083206
51.5372642	35.8084397
51.5385426	35.8097362
51.5383677	35.8098579
51.5378775	35.8095452
51.5373293	35.8093123
51.5370623	35.8092098
51.5368092	35.8092001
51.5367187	35.8090955
51.5363335	35.8090197
51.5362689	35.8089706
51.5361221	35.808914
51.5359723	35.8088407
51.535835	35.8088986
51.5357005	35.8089254
51.5356467	35.8089257
51.5355036	35.8089155
51.5354657	35.8089212
51.5351749	35.8089264
51.5346871	35.8088105
51.5346658	35.808826
51.534678	35.8088844
51.5337276	35.8089909
51.5330209	35.8091028
51.5330349	35.8091615
51.5330278	35.8092352
51.5330696	35.8094371
51.5330449	35.8095258
51.5328146	35.8096918
51.5327777	35.8097633
51.5327376	35.8100543
51.5326136	35.8100529
51.5324998	35.8099715
51.5322972	35.8100325
51.5321683	35.8101402
51.5320734	35.8104631
51.5320977	35.810859
51.5320723	35.811038
51.5320878	35.8112075
51.5319822	35.811484
51.5320189	35.8117334
51.5317321	35.8118102
51.5316318	35.8118787
51.5317232	35.8125823
51.5316449	35.8128519
51.5323103	35.8135097
51.5323348	35.8139952
51.5323291	35.8140965
51.5330325	35.8144243
51.5336109	35.8146627
51.5338148	35.8147674
51.5341261	35.8153341
51.5343919	35.8159305
51.5341712	35.8159796
51.5339312	35.8160266
51.5337096	35.8160398
51.5334767	35.8160347
51.5332475	35.8160204
51.5330256	35.8159694
51.5328184	35.8158786
51.5325433	35.8157237
51.5323886	35.8156296
51.5321886	35.815496
51.531804	35.815262
51.5316537	35.8152474
51.5315765	35.8155017
51.5314524	35.8154777
51.5314669	35.8154012
51.5308139	35.8154685
51.5303525	35.8155652
51.5302563	35.8153659
51.5302037	35.8150559
51.5297988	35.8146559
51.5287235	35.8139602
51.5288099	35.8138898
51.5287164	35.8138138
51.5281335	35.8134389
51.5275174	35.8128263
51.5274855	35.8127111
51.5274423	35.8126648
51.5272407	35.8124102
51.5271376	35.8121107
51.5270872	35.8120267
51.5269734	35.8117988
51.5269019	35.8117381
51.5266521	35.8114516
51.5257221	35.8105288
51.5253668	35.8101846
51.5252044	35.8100355
51.5251983	35.8100159
51.5249095	35.8097381
51.5246707	35.8094958
51.52404	35.8088903
51.5228332	35.8097495
51.5224949	35.8099657
51.5225568	35.810025
51.5222705	35.8100801
51.5222972	35.8101812
51.5222978	35.8102838
51.5222809	35.8103817
51.5222289	35.8104892
51.5221474	35.8105683
51.5220555	35.8106171
51.5219576	35.8106574
51.521823	35.8106699
51.5215271	35.8106497
51.5213336	35.8106243
51.5211021	35.8106015
51.5209617	35.8106188
51.520833	35.8106527
51.5207251	35.8107129
51.5206114	35.8108064
51.5205447	35.8109021
51.5204989	35.8109959
51.5204814	35.8110741
51.520506	35.8112505
51.5205685	35.8114029
51.520682	35.8116073
51.5207524	35.8118108
51.5209377	35.8122051
51.5210444	35.8124815
51.5210564	35.8125602
51.5206293	35.8125956
51.5202365	35.8125924
51.5199203	35.8126081
51.5197831	35.8126802
51.5197716	35.8127089
51.5194143	35.8127082
51.5189833	35.8126484
51.5185373	35.8126174
51.5182299	35.8124963
51.5181131	35.8124555
51.5176346	35.8123861
51.5170095	35.812222
51.5165284	35.8120835
51.5162878	35.8120059
51.5161357	35.811834
51.5161022	35.8118573
51.515927	35.8119287
51.5157112	35.8120632
51.5156502	35.8121398
51.5155172	35.8124171
51.5154967	35.8125197
51.5154974	35.8126975
51.515508	35.812806
51.5154828	35.8129778
51.5154543	35.8130972
51.515414	35.8132047
51.5153417	35.813353
51.5152721	35.813463
51.5151676	35.813609
51.5150454	35.8137335
51.5148999	35.8138725
51.5148506	35.8139491
51.5144688	35.8141376
51.5136412	35.8144266
51.5134743	35.814444
51.5133829	35.8144193
51.513307	35.8143898
51.5126649	35.8140075
51.5125397	35.8139351
51.5124369	35.8138854
51.5122728	35.813867
51.5120971	35.8138773
51.5119421	35.813909
51.5118399	35.8139571
51.5117641	35.8140147
51.5116682	35.8141296
51.511555	35.8142899
51.5114652	35.8144478
51.5114027	35.8145899
51.5113558	35.8147321
51.5113358	35.8148109
51.5112919	35.8148885
51.5112312	35.814945
51.5110942	35.8150505
51.5110095	35.8150843
51.5108779	35.8150975
51.5105502	35.8151721
51.5103837	35.8152372
51.5101438	35.815274
51.5099424	35.8153917
51.5098317	35.8154709
51.5098035	35.8156452
51.5098419	35.8157071
51.5099861	35.8158019
51.5098637	35.8159026
51.5098582	35.8159551
51.5099142	35.8160193
51.5098161	35.8162463
51.5096975	35.8164758
51.5096168	35.8166789
51.5095592	35.8171971
51.5094383	35.8171639
51.5092419	35.8171361
51.5090007	35.818349
51.508981	35.8184755
51.5087881	35.8185408
51.5082202	35.8187642
51.5080823	35.8185581
51.5079132	35.8182402
51.5077853	35.8179057
51.5076783	35.8176604
51.507622	35.81757
51.5064055	35.8169382
51.5074212	35.8154529
51.5068631	35.8151857
51.5062994	35.8149248
51.5056265	35.8146327
51.5056124	35.8147114
51.505566	35.8147904
51.5053305	35.8150657
51.5052069	35.815234
51.5050656	35.8153837
51.5048728	35.8155571
51.5046607	35.8156649
51.5042252	35.8158122
51.503848	35.8159116
51.5036432	35.8159435
51.503356	35.8159584
51.5031252	35.8159957
51.5023704	35.8161373
51.5020981	35.8161551
51.501823	35.8161777
51.5015829	35.8161859
51.5013543	35.816163
51.5009642	35.8160763
51.5008732	35.8160505
51.5006925	35.8160099
51.5004652	35.8159067
51.5002917	35.8158
51.4999263	35.8155655
51.4997472	35.8150513
51.4994347	35.8150331
51.4990067	35.8149752
51.4988245	35.8148853
51.4986951	35.814788
51.4986213	35.8146929
51.4984747	35.8147486
51.4983985	35.8148536
51.498371	35.8148991
51.4983062	35.8149452
51.4981567	35.8150389
51.4981482	35.8150309
51.4979586	35.8151443
51.4979295	35.8151692
51.4978847	35.815222
51.4978772	35.8152451
51.4978773	35.8152935
51.4979866	35.8155261
51.4980728	35.815625
51.498113	35.81568
51.4981212	35.8156972
51.4981115	35.8157155
51.4980691	35.8157395
51.4980034	35.8157529
51.4978441	35.8157967
51.4977237	35.8158438
51.4975327	35.8159048
51.4974842	35.8159522
51.4974608	35.8159836
51.4974364	35.8160779
51.4974316	35.8161463
51.4974345	35.8162249
51.4974433	35.8162965
51.4975058	35.8164882
51.4975432	35.8165539
51.497608	35.816637
51.4976453	35.8167001
51.4976651	35.8167758
51.4976726	35.8168407
51.497673	35.816877
51.4975742	35.8171521
51.4975242	35.8172428
51.4974572	35.8172932
51.4973255	35.81732
51.4971823	35.8173635
51.4970355	35.8172997
51.4968537	35.8172718
51.4967363	35.8172318
51.4965778	35.8171847
51.4964224	35.8171472
51.4963019	35.8171242
51.4962024	35.8171004
51.4961496	35.8170911
51.4960787	35.8171247
51.4960009	35.8171955
51.4959412	35.8172939
51.4958727	35.8173644
51.495807	35.817416
51.4955994	35.8176229
51.4956834	35.8176902
51.4956297	35.8177304
51.4954404	35.8179059
51.4951137	35.8181753
51.4950381	35.8182015
51.4949512	35.8182621
51.4947895	35.8184127
51.4947198	35.8184694
51.4945757	35.8185691
51.494097	35.8188536
51.4939175	35.8189768
51.4937531	35.819112
51.4935973	35.8192735
51.4933977	35.8195114
51.4932654	35.8196951
51.4931746	35.8198675
51.4931135	35.8200977
51.49308	35.8203788
51.4930384	35.8205319
51.4929528	35.8206732
51.4928332	35.8207741
51.4927285	35.8208398
51.4925882	35.8209003
51.4924753	35.8209353
51.4918044	35.821088
51.4916793	35.8212292
51.4916217	35.8213705
51.4915881	35.8214712
51.4915562	35.8216877
51.4915455	35.82185
51.4915462	35.8219669
51.4915651	35.8221767
51.4916016	35.8224008
51.4916555	35.8225962
51.4917887	35.8228199
51.4914757	35.8229771
51.4913793	35.822899
51.4913671	35.8229066
51.4910034	35.8227046
51.4907748	35.8225478
51.4907521	35.8224317
51.4905551	35.8222258
51.4901202	35.8220801
51.4900984	35.8219466
51.4900509	35.8218059
51.4899817	35.8217222
51.48981	35.8216354
51.4896578	35.821525
51.4895889	35.8214555
51.4895336	35.8213723
51.4895084	35.8211474
51.4894116	35.8209711
51.4893281	35.8208714
51.4892068	35.8206883
51.4890595	35.8205918
51.4889268	35.8204845
51.4888605	35.8204039
51.4887381	35.8201964
51.4885669	35.8202907
51.4884345	35.8203261
51.4882737	35.8203765
51.487965	35.8204565
51.4878708	35.820208
51.4878557	35.8199915
51.4878451	35.8193605
51.4877362	35.819143
51.4876299	35.8191324
51.487008	35.8191536
51.4865075	35.8190605
51.4863035	35.8191348
51.4860027	35.8189652
51.4855439	35.8189641
51.4852623	35.8188983
51.4849664	35.8188901
51.484711	35.8187909
51.4842366	35.8187476
51.4839124	35.8188876
51.4838133	35.8190331
51.4837497	35.8191764
51.4836947	35.8192745
51.4833461	35.8192806
51.4830364	35.8193988
51.4827064	35.8195647
51.4823853	35.8197378
51.4823094	35.8197834
51.4820138	35.8198132
51.4819055	35.8198375
51.481739	35.8199002
51.4814706	35.8200802
51.4813746	35.8201879
51.481293	35.820314
51.4811863	35.8204419
51.481064	35.8205346
51.480932	35.8206063
51.4806252	35.8206402
51.4804122	35.820671
51.4801997	35.8207241
51.4799239	35.8207993
51.4797684	35.8208099
51.4796593	35.8207815
51.4795708	35.8207654
51.4795087	35.8207662
51.4793895	35.8207833
51.478995	35.8208711
51.478864	35.8209086
51.4787633	35.8209304
51.4785852	35.82101
51.4783785	35.8211094
51.4782441	35.8211933
51.4781228	35.8212929
51.4780355	35.8214282
51.4778947	35.8214309
51.4778211	35.8214282
51.4777753	35.8214212
51.4775156	35.821505
51.4773846	35.8215574
51.4770592	35.8215985
51.4764648	35.8214021
51.4760555	35.8212168
51.4759191	35.8211839
51.4761177	35.8208744
51.4760128	35.8208941
51.4757572	35.8209182
51.4755434	35.8209237
51.4750078	35.8207956
51.4748449	35.8207464
51.474818	35.8207442
51.4743518	35.8208255
51.4740586	35.8208636
51.4740121	35.8208541
51.4739418	35.8208472
51.4737605	35.8209004
51.4736114	35.820932
51.4730135	35.821131
51.4727052	35.8212505
51.4726467	35.8212698
51.4724927	35.8214588
51.4723285	35.8216054
51.4721105	35.8217323
51.4719034	35.8218762
51.4717753	35.8220032
51.4716183	35.822197
51.4714404	35.8224637
51.4709534	35.8226192
51.4706464	35.8227829
51.4702912	35.8230483
51.4701272	35.8231594
51.4700395	35.823186
51.4698696	35.8231772
51.4697212	35.8231901
51.4695339	35.8233392
51.46942	35.8234413
51.469026	35.8236743
51.4689503	35.8237486
51.4688167	35.8239471
51.4686865	35.8242267
51.4686119	35.8244966
51.4685256	35.8247569
51.4685539	35.825086
51.4684973	35.8254131
51.4683326	35.8257954
51.4682483	35.8259078
51.4681697	35.8259963
51.4680194	35.8262259
51.4679727	35.8268679
51.4679446	35.8270707
51.4679016	35.8272308
51.4678026	35.8273313
51.4674231	35.8274889
51.4670074	35.8276343
51.4669144	35.8276967
51.4667739	35.8277409
51.4666886	35.8276816
51.4665917	35.8276414
51.4663689	35.8276041
51.4661753	35.8275642
51.4660025	35.8275553
51.4657788	35.8275537
51.4655726	35.8275749
51.4654403	35.8275754
51.4652553	35.8275248
51.465066	35.8274553
51.4649118	35.8273903
51.4647623	35.8273646
51.4645981	35.8273437
51.4644984	35.8273227
51.4644164	35.8273302
51.4643433	35.8273519
51.4642075	35.8274637
51.4641095	35.827521
51.4639172	35.8276978
51.4637726	35.8278378
51.4637026	35.8279125
51.46364	35.8280312
51.4635357	35.8282512
51.4635243	35.8283219
51.4634661	35.8283928
51.4633889	35.8284465
51.4632741	35.828468
51.463206	35.8284702
51.4631635	35.8284111
51.4631232	35.8283195
51.4630568	35.8282091
51.4629977	35.8281272
51.4629365	35.8281025
51.4628615	35.8281066
51.4627936	35.8281337
51.4627093	35.8281799
51.4626641	35.8282338
51.4625997	35.828258
51.4625119	35.8282464
51.4623951	35.8281964
51.4623738	35.8281583
51.4623735	35.8281143
51.462448	35.8280033
51.4626295	35.8277715
51.4627204	35.8276451
51.462783	35.8275249
51.4627953	35.8274117
51.462816	35.8271287
51.4627231	35.8269883
51.4622487	35.8266245
51.4619601	35.8265225
51.461865	35.8264936
51.4619389	35.8264331
51.4621017	35.8264152
51.4623313	35.8264006
51.4627059	35.8263491
51.4629166	35.8263101
51.46318	35.8262709
51.4634111	35.8262199
51.463642	35.8261355
51.464187	35.8260711
51.4642284	35.8259241
51.46404	35.8257802
51.4638432	35.8255211
51.4638102	35.8249676
51.4636335	35.824179
51.463412	35.8237034
51.463028	35.8232317
51.4628762	35.823185
51.4628111	35.823174
51.4627239	35.8231676
51.4625168	35.8231413
51.4624131	35.8231597
51.4622328	35.8230905
51.4621788	35.8230862
51.462127	35.8231
51.4620607	35.823129
51.4620389	35.8233505
51.4617781	35.8233395
51.4615193	35.823164
51.4615978	35.8230516
51.4614484	35.8229944
51.4613826	35.8229834
51.4611529	35.8229955
51.4610439	35.8230132
51.461059	35.8230799
51.4606344	35.8231101
51.4605466	35.82312
51.4603682	35.8231732
51.460289	35.8231449
51.4601979	35.8230927
51.4599722	35.8230626
51.4599113	35.8231821
51.4597873	35.8231518
51.4597117	35.8231295
51.4594712	35.8230383
51.4595351	35.8229474
51.4595991	35.8228732
51.4592965	35.8227145
51.4591106	35.8226675
51.4590342	35.8226529
51.4589036	35.822654
51.4587632	35.8226784
51.4585905	35.8226981
51.4584499	35.8227082
51.4583604	35.8227014
51.4581586	35.8226174
51.4580074	35.8224979
51.4579121	35.822393
51.4578764	35.8223001
51.4577746	35.8218249
51.4576877	35.8215732
51.4575605	35.8212586
51.457406	35.8209755
51.4573045	35.8208414
51.4572054	35.8207234
51.4570593	35.8205657
51.4568079	35.8203599
51.4565856	35.8202164
51.4560209	35.8199162
51.455662	35.8197393
51.4551068	35.8194551
51.4547088	35.8193246
51.4544348	35.8192191
51.4543087	35.8192029
51.4540479	35.81918
51.4538163	35.8191642
51.4536318	35.8191339
51.4534967	35.8190914
51.4532475	35.8190471
51.4526262	35.8189898
51.4523519	35.8189591
51.4520964	35.8189455
51.4519326	35.8188876
51.4513208	35.8186829
51.4511446	35.8186182
51.4511363	35.8186137
51.4511299	35.8185445
51.4511033	35.8185041
51.4511998	35.8184799
51.4514101	35.8183669
51.4513892	35.8183026
51.451231	35.8182889
51.4511132	35.8181796
51.4508383	35.8172146
51.4505647	35.8173455
51.4504988	35.8172611
51.4501501	35.8172314
51.4499539	35.817322
51.4498112	35.8173806
51.4496092	35.817398
51.4493016	35.817392
51.4490262	35.8173668
51.4487858	35.8173248
51.4483927	35.817226
51.4484716	35.81771
51.4485888	35.8177143
51.4486411	35.8181602
51.4478204	35.8180557
51.4474659	35.818031
51.447484	35.8181359
51.4468511	35.8191259
51.4458067	35.8193011
51.4454639	35.8193362
51.4452853	35.819344
51.4450744	35.8193472
51.4446375	35.8193198
51.4443594	35.8192735
51.4436796	35.8192092
51.44329	35.8192178
51.4430502	35.8192807
51.4429477	35.8192978
51.4427016	35.8192772
51.4423707	35.8192904
51.4419814	35.81933
51.4417941	35.8193712
51.441604	35.8194244
51.4411392	35.8195788
51.4408046	35.8196468
51.4404808	35.819679
51.4400943	35.8196915
51.4397615	35.819716
51.4395654	35.8197764
51.4393058	35.8199152
51.4392771	35.8199308
51.4390843	35.820101
51.4389254	35.8201999
51.438788	35.8202386
51.4386649	35.8202343
51.4383622	35.8201687
51.4381491	35.8201598
51.4377687	35.8202399
51.4369146	35.8207054
51.4366242	35.8208511
51.4358923	35.8211651
51.4357594	35.821323
51.4357408	35.8219559
51.4357524	35.822022
51.4357873	35.8221269
51.4357526	35.8222368
51.4356657	35.822385
51.4355875	35.8225451
51.4355908	35.8226191
51.4360887	35.8226101
51.436056	35.8230445
51.4359783	35.8232218
51.4359525	35.8234051
51.4359882	35.8235027
51.4361349	35.8235499
51.4361444	35.8236787
51.4363147	35.8237544
51.4362893	35.8238559
51.4361477	35.8240809
51.4358686	35.8242594
51.4354893	35.8244507
51.4352928	35.8245408
51.4350542	35.8246309
51.4345944	35.8245678
51.4344075	35.8242504
51.4338551	35.8239112
51.433344	35.8233762
51.4329392	35.82302
51.4328897	35.8230607
51.4328077	35.8230777
51.4327256	35.8230684
51.4324296	35.8228177
51.4322631	35.8225858
51.4321389	35.8223668
51.4320977	35.8223288
51.4315626	35.8225024
51.431425	35.8227636
51.4313419	35.8228491
51.4313162	35.8229701
51.4307625	35.8233477
51.4304456	35.8235186
51.4300369	35.8236434
51.4298906	35.823739
51.4295964	35.8239741
51.4294912	35.8240246
51.4293687	35.8241086
51.4291846	35.8242022
51.4290211	35.8243006
51.4288544	35.8243489
51.4285533	35.8244669
51.4284336	35.8245365
51.428349	35.8246036
51.4283141	35.824661
51.4282515	35.8249952
51.428105	35.8249933
51.4279273	35.8251705
51.4278068	35.8250946
51.4276492	35.8252001
51.4277158	35.825237
51.4278461	35.8253187
51.4277586	35.8253953
51.4278352	35.8254714
51.4276198	35.8256187
51.4274385	35.8257103
51.4273595	35.8259501
51.4274221	35.826
51.4275192	35.8265972
51.4272796	35.8266799
51.4270498	35.8271456
51.4268774	35.827472
51.4264745	35.8275911
51.4260828	35.8275268
51.4260173	35.8273338
51.4258722	35.8270337
51.4258101	35.8269242
51.4257861	35.8268122
51.4257764	35.8266571
51.4255246	35.8266676
51.4253789	35.8262625
51.4253694	35.8261338
51.4255479	35.8260618
51.4254255	35.825666
51.4252995	35.8256593
51.4249289	35.825506
51.4242722	35.8252622
51.42409	35.8251554
51.4237752	35.8248918
51.4237251	35.8248371
51.4236374	35.824866
51.4234378	35.8248023
51.4237563	35.8241046
51.4238409	35.8237268
51.4237569	35.8236609
51.4237532	35.8235059
51.4237876	35.8233793
51.423793	35.8232767
51.4237904	35.8232028
51.4238331	35.8231239
51.4238621	35.823057
51.4237935	35.8229981
51.4236414	35.8229375
51.4233265	35.8228543
51.423262	35.8225772
51.4233643	35.8225435
51.4235429	35.8225166
51.423712	35.8224804
51.4237328	35.8224301
51.4236171	35.8222972
51.4235412	35.8222017
51.4234037	35.8218894
51.4233547	35.8218255
51.4233837	35.8217705
51.4236351	35.8215973
51.4236653	35.8216212
51.4237342	35.8215832
51.4238342	35.821358
51.4239419	35.8209932
51.4239585	35.8208166
51.4239347	35.8207428
51.4238787	35.8206786
51.4237818	35.8206623
51.4235696	35.8206481
51.4233283	35.8207282
51.4232822	35.8208644
51.4231831	35.8209553
51.4231247	35.8209961
51.4230457	35.8210012
51.4229693	35.820968
51.4229012	35.8208275
51.4228542	35.8207967
51.4228742	35.820706
51.4228043	35.8205889
51.4228761	35.8204818
51.4228341	35.8203653
51.422778	35.8203166
51.4226156	35.8203507
51.4225707	35.8204405
51.4224893	35.8204545
51.422338	35.8204894
51.4222236	35.8206201
51.4221782	35.8207516
51.4221753	35.8209017
51.4221409	35.8210331
51.4220681	35.8211168
51.4218896	35.8211604
51.4216207	35.8212591
51.4214658	35.8213265
51.4213429	35.8213508
51.4212493	35.821363
51.4211991	35.8213012
51.4211956	35.8211914
51.4212277	35.8211722
51.421298	35.8211648
51.4211651	35.8210625
51.4211475	35.820948
51.4210799	35.8209056
51.4209743	35.8208869
51.4208425	35.8208802
51.4206344	35.8208547
51.4205727	35.8208215
51.420546	35.8207596
51.4205251	35.8206857
51.4205189	35.8206213
51.4205535	35.820509
51.4206927	35.820239
51.4207038	35.820134
51.4206183	35.8200293
51.4206501	35.8199362
51.420661	35.8197859
51.4206021	35.8197217
51.4204964	35.8196767
51.4202538	35.8197801
51.4201427	35.8198091
51.4199872	35.819762
51.4198462	35.819679
51.4198807	35.819562
51.4200486	35.819194
51.420044	35.8188767
51.4199534	35.8189057
51.4197025	35.818728
51.419537	35.8186028
51.4194254	35.8185626
51.4193722	35.818465
51.4193306	35.8183483
51.4193595	35.8182814
51.4194264	35.8181953
51.4194435	35.8180974
51.4194166	35.8179973
51.4193317	35.818
51.4193019	35.8179118
51.4192198	35.8178906
51.4192019	35.8178311
51.4191605	35.8177477
51.4190722	35.8176765
51.4190018	35.8176528
51.4188439	35.8176916
51.4187326	35.8177015
51.4187032	35.8175804
51.4186334	35.8173923
51.4185748	35.8172483
51.418504	35.8171035
51.4184051	35.816937
51.4182361	35.8167571
51.4180827	35.8166374
51.4177479	35.8164668
51.4176335	35.8164362
51.4174958	35.8164272
51.4170472	35.8164438
51.4169115	35.8164339
51.4168116	35.816406
51.416696	35.8163798
51.4165991	35.8163515
51.4165288	35.8163545
51.4164822	35.816383
51.4163629	35.8165313
51.416246	35.8165818
51.4161152	35.8166069
51.4160764	35.8166301
51.4158944	35.8166541
51.4158538	35.8166356
51.4157514	35.8166479
51.4156362	35.8166881
51.4154763	35.8167578
51.4153842	35.8168278
51.4153418	35.8168782
51.4152143	35.8170004
51.415206	35.8171174
51.4150608	35.8173523
51.4149072	35.8176551
51.414685	35.817533
51.4143999	35.8173574
51.4143083	35.8173391
51.4140697	35.8171189
51.4136673	35.8169008
51.4130592	35.8175415
51.4122985	35.8169811
51.4128311	35.8166126
51.412505	35.8164277
51.4121527	35.8162571
51.4119056	35.8161778
51.4117524	35.8161569
51.4114249	35.8161838
51.4110712	35.816191
51.4109602	35.816161
51.4108502	35.8160942
51.410807	35.8160232
51.4107724	35.8158926
51.4106342	35.815766
51.4105064	35.8157065
51.4097883	35.8156307
51.4094505	35.8156542
51.4090963	35.8157124
51.4090454	35.8157334
51.4088317	35.8157437
51.4086676	35.8157418
51.4079309	35.8154294
51.4077256	35.8153753
51.4074765	35.8153499
51.4070254	35.8153276
51.4064601	35.8153199
51.4063398	35.8152726
51.406234	35.8152157
51.4059673	35.8152795
51.4056356	35.8154106
51.4052733	35.8153306
51.4049914	35.8154278
51.4049499	35.8155397
51.4049279	35.8158141
51.4049374	35.8159668
51.4049971	35.8159971
51.4051134	35.8160091
51.4051138	35.8160902
51.4049185	35.8162746
51.4048339	35.8163393
51.404978	35.8164461
51.4049589	35.8167372
51.4049363	35.8168971
51.4046076	35.816767
51.4045077	35.816691
51.4043683	35.8167442
51.4043164	35.8168394
51.4040764	35.8169522
51.4039142	35.8170017
51.4038796	35.8170343
51.4037264	35.8168654
51.4037026	35.816813
51.4036559	35.8168251
51.4035797	35.8168182
51.4033419	35.8166974
51.4032976	35.8166259
51.4031551	35.8165192
51.4032878	35.8164327
51.4033725	35.8163895
51.4035246	35.8162891
51.4033647	35.8160055
51.4029795	35.8156966
51.4029576	35.8152107
51.4028475	35.8148004
51.4026831	35.8143975
51.4025433	35.8139638
51.4022905	35.8135761
51.401867	35.8134365
51.4014216	35.8134022
51.4011312	35.8133101
51.4010927	35.8133998
51.4010587	35.8134463
51.4008371	35.8134714
51.4001508	35.8134397
51.4001069	35.8134519
51.3997701	35.813453
51.3993827	35.8132921
51.3990893	35.8131953
51.398644	35.8131657
51.3985149	35.8131208
51.3984802	35.8132044
51.3984208	35.8132498
51.3974609	35.8132185
51.3970665	35.8132199
51.3967314	35.8131387
51.3963769	35.8131136
51.3963274	35.8131662
51.3955595	35.8130353
51.3949003	35.8128742
51.3946455	35.8129919
51.3946066	35.8130001
51.3946017	35.8130455
51.3945788	35.8131362
51.3945469	35.8132031
51.3944214	35.8132894
51.3943678	35.8132962
51.3941518	35.8132569
51.3937633	35.8131392
51.3934742	35.8130753
51.3933214	35.8130545
51.3930994	35.8130576
51.392947	35.813039
51.3928356	35.8130202
51.3927267	35.8129561
51.3927641	35.8124453
51.3925045	35.8123569
51.3923812	35.8123323
51.3916189	35.811992
51.391313	35.8118969
51.3906212	35.8117312
51.3902984	35.8116497
51.3901166	35.811593
51.3896527	35.8114783
51.3886507	35.8110772
51.3882788	35.8108682
51.3880504	35.8108096
51.387762	35.8096244
51.387667	35.8092576
51.3876509	35.8084985
51.3871407	35.8084927
51.3866115	35.8083159
51.3862667	35.8082371
51.3860883	35.808283
51.3860299	35.8083285
51.3858832	35.8082917
51.3847643	35.8082562
51.3847275	35.8084853
51.3848184	35.8085137
51.3845448	35.8088726
51.3844666	35.8093117
51.3843907	35.8097006
51.3842998	35.8098143
51.3841639	35.8100449
51.384056	35.810143
51.3838346	35.8103871
51.3836569	35.8105761
51.383502	35.8106505
51.3835784	35.8106956
51.3835907	35.810822
51.3836696	35.8108438
51.3836562	35.811046
51.3839287	35.8110738
51.3838602	35.8114485
51.3836137	35.8113817
51.3834153	35.8114953
51.3832354	35.8118465
51.3832066	35.8119444
51.3830321	35.8122074
51.3827873	35.8124587
51.3825797	35.812527
51.3824859	35.8125321
51.3824099	35.8125362
51.3823201	35.812547
51.382126	35.8125705
51.3818966	35.8123685
51.3818851	35.8118103
51.3822204	35.8113936
51.3822172	35.8112217
51.3822134	35.8110131
51.3821803	35.810674
51.3821292	35.8106481
51.3816604	35.8106123
51.3814632	35.8103008
51.3811805	35.8103698
51.380975	35.8104063
51.3808188	35.8104071
51.3808211	35.8102063
51.3807685	35.8099448
51.3801869	35.8095642
51.379926	35.8093126
51.3793881	35.8089948
51.3791678	35.808818
51.3788684	35.8085142
51.378511	35.8082721
51.3780129	35.8080104
51.3779363	35.8079105
51.3777184	35.8076607
51.3776268	35.8074916
51.3774797	35.8073394
51.3767493	35.8070888
51.3761389	35.8068355
51.3758271	35.8071633
51.3755421	35.8069781
51.3757516	35.8066936
51.3751797	35.8064783
51.3755002	35.8061337
51.3757072	35.8059327
51.3759668	35.805722
51.3763112	35.8054776
51.3769396	35.8052203
51.3772553	35.8051049
51.377732	35.8049698
51.3779339	35.8049333
51.3784108	35.8048339
51.3786566	35.804795
51.3790017	35.8047009
51.3793028	35.8045831
51.380036	35.8042038
51.3804362	35.8040022
51.3809062	35.8036786
51.3811368	35.8034965
51.3813611	35.8032836
51.3815418	35.8030945
51.3816871	35.8028794
51.3819641	35.8026113
51.3819345	35.8025565
51.3819224	35.8024779
51.382449	35.8019813
51.3825112	35.8019082
51.3825519	35.8018365
51.3826918	35.8017001
51.3828086	35.8016306
51.3829735	35.8015427
51.3833344	35.8013736
51.3837554	35.8012172
51.3838135	35.8011264
51.3839976	35.8010471
51.3846114	35.8008018
51.3849447	35.8006958
51.3851785	35.8006044
51.3854473	35.8004747
51.3855405	35.8003861
51.3856833	35.8002378
51.3859512	35.7999316
51.386056	35.7997976
51.3861343	35.7996352
51.386186	35.7994418
51.3862405	35.7992078
51.3862719	35.7990312
51.3861736	35.7988444
51.3859417	35.7987067
51.3857504	35.7985117
51.385656	35.7983689
51.3856055	35.798214
51.3855157	35.7979085
51.3853054	35.7973013
51.3852811	35.797132
51.3852746	35.7969961
51.3853089	35.7968194
51.3853628	35.7964662
51.3851084	35.7962409
51.3847707	35.7957214
51.3846943	35.7956739
51.3844352	35.7956379
51.3842812	35.7956299
51.3839966	35.7955768
51.3843702	35.7950338
51.3843807	35.7949974
51.3843687	35.7949402
51.3843887	35.7948495
51.3844442	35.7948064
51.3845566	35.7947687
51.3845975	35.794716
51.3846089	35.7946659
51.3845441	35.7945707
51.3843383	35.7944115
51.3842295	35.7943093
51.3841708	35.7942737
51.3841733	35.7941973
51.3839002	35.7937346
51.3834405	35.793382
51.3832717	35.7933216
51.3826295	35.7931304
51.3823713	35.7930167
51.3814536	35.7929897
51.3812347	35.7928963
51.3810939	35.792849
51.3809824	35.7928327
51.3808715	35.7928759
51.3807313	35.792982
51.3806645	35.7930579
51.380513	35.7932158
51.3804198	35.7933282
51.3801973	35.7933242
51.3801839	35.7932656
51.3802083	35.7931786
51.3799755	35.7928692
51.3795473	35.7927763
51.3792145	35.7929361
51.3791558	35.7935207
51.3790394	35.7937482
51.3789298	35.7941843
51.3788302	35.7942613
51.378629	35.7941927
51.3784359	35.79421
51.3782508	35.7940913
51.3782112	35.7937622
51.3781314	35.7936003
51.3781342	35.7935667
51.3782219	35.7935427
51.378201	35.7934521
51.3781187	35.793388
51.3780512	35.7933691
51.3779656	35.7933338
51.3778338	35.7932465
51.377481	35.7934011
51.3773369	35.7936878
51.3766088	35.7935322
51.3760952	35.7931497
51.3756036	35.7928627
51.3755656	35.7930433
51.3754274	35.7931295
51.3752073	35.7931896
51.3751813	35.7932521
51.3750596	35.7932976
51.3747306	35.7934859
51.3745937	35.7934706
51.3743528	35.7939174
51.3742945	35.7939653
51.3742022	35.7939961
51.3741887	35.794248
51.3737278	35.7945133
51.3736107	35.794559
51.3735097	35.7947389
51.3731835	35.7950026
51.3729581	35.7952278
51.3727827	35.7952719
51.37268	35.7952513
51.3721097	35.7954447
51.371669	35.794629
51.371645	35.794677
51.3714061	35.7947984
51.371225	35.7948824
51.3710232	35.7949498
51.3707881	35.7950195
51.3704265	35.7950876
51.3701516	35.7951457
51.3701723	35.7952029
51.3699007	35.7952824
51.3695362	35.7954403
51.3690498	35.7956024
51.3685563	35.7959021
51.3681511	35.7961694
51.3673097	35.7968132
51.3668348	35.7972242
51.36673	35.7973438
51.3665071	35.7979146
51.3659648	35.7982645
51.365604	35.7980192
51.3651319	35.7987823
51.364808	35.7991642
51.364704	35.7993419
51.3646312	35.7994303
51.3644501	35.7995359
51.363868	35.7995233
51.3636973	35.7996206
51.3634318	35.7998189
51.3629445	35.8003742
51.3624664	35.8009499
51.3620599	35.8018141
51.3617529	35.802778
51.3616629	35.803274
51.3617372	35.8033969
51.3616058	35.8037038
51.3613404	35.8037496
51.360325	35.8035784
51.3596585	35.803642
51.3594703	35.8033562
51.3592302	35.8029392
51.3591696	35.8026387
51.3591541	35.8023127
51.3595345	35.8016575
51.3594113	35.8015358
51.3593585	35.8013663
51.3592797	35.801201
51.3593444	35.80086
51.3594738	35.8003692
51.359321	35.7997356
51.3590112	35.7990602
51.3584045	35.7981478
51.3573648	35.7967856
51.3561929	35.7962882
51.3555113	35.7958537
51.3551004	35.7952336
51.3544985	35.7948793
51.3543894	35.7948965
51.3541766	35.7950483
51.3539323	35.7950721
51.3535758	35.795095
51.353321	35.7950861
51.3531131	35.7950939
51.3531486	35.7951631
51.3527627	35.7952953
51.3525636	35.7953127
51.3524141	35.7952678
51.3523468	35.7952871
51.352147	35.7951326
51.3520058	35.7949779
51.3518586	35.7947851
51.3517408	35.794647
51.3516467	35.7945447
51.3515351	35.794483
51.3513797	35.7944358
51.3511424	35.7944007
51.3511021	35.7945654
51.3510617	35.79468
51.3510093	35.7947637
51.3509334	35.7948164
51.3507608	35.7948278
51.3506582	35.79481
51.3506006	35.7947709
51.3505477	35.7947235
51.3504387	35.7945854
51.3504003	35.7945043
51.3503215	35.7945523
51.3501487	35.7945432
51.3500695	35.7945173
51.35002	35.7943995
51.3500157	35.7942693
51.3496836	35.7942594
51.3495424	35.7941119
51.3494826	35.7938235
51.3493763	35.7937747
51.3493123	35.7937261
51.3492271	35.7936453
51.3491404	35.7936341
51.3490336	35.7937102
51.3489444	35.7936301
51.3490725	35.7935134
51.3489344	35.7934112
51.3486613	35.7932307
51.3485098	35.7931673
51.3480386	35.7931234
51.3474992	35.7931563
51.3471224	35.7931679
51.3452071	35.7931492
51.3446214	35.7930217
51.344684	35.7932457
51.3447811	35.7934467
51.344949	35.7935956
51.345178	35.7937309
51.3456983	35.7944594
51.3456634	35.7946061
51.3457207	35.7947139
51.3457354	35.7948335
51.3462103	35.7951865
51.3464289	35.7952374
51.3462532	35.7953953
51.3461839	35.7954209
51.345566	35.7951212
51.3447014	35.7949283
51.3443698	35.7950006
51.3442755	35.7951742
51.3442104	35.795282
51.3442411	35.7954112
51.3442108	35.795587
51.3442187	35.7956557
51.3443275	35.7957718
51.3443861	35.7958624
51.3444175	35.7959588
51.3443956	35.79614
51.3443292	35.7962514
51.3440076	35.7963924
51.3436549	35.7964884
51.3435104	35.7965152
51.3433628	35.796604
51.3431375	35.7963614
51.3430473	35.7962838
51.3427765	35.7961434
51.3425573	35.7960941
51.3424092	35.796105
51.3423596	35.7961746
51.3422767	35.7964877
51.3422353	35.7967424
51.3429203	35.7968323
51.3429841	35.7973379
51.3429949	35.7978437
51.3429588	35.798244
51.3428986	35.7985813
51.3428473	35.7985988
51.3419139	35.7983633
51.3418167	35.7985332
51.3417441	35.7986812
51.3414534	35.7984865
51.3413181	35.7985465
51.3412225	35.7986419
51.3412165	35.798719
51.3412439	35.7988287
51.3416075	35.7990229
51.3416979	35.79913
51.3418273	35.7992419
51.3418861	35.7993817
51.3419126	35.7995035
51.3419282	35.7996498
51.3419126	35.7998491
51.3417607	35.800218
51.3415388	35.8003748
51.3414626	35.8004812
51.3414249	35.8006374
51.3414407	35.8007623
51.3415104	35.800895
51.341496	35.8011261
51.3415121	35.8013072
51.3413166	35.8015476
51.3412998	35.801701
51.3412922	35.8020327
51.3413417	35.8020872
51.3414277	35.8023056
51.3414788	35.8026859
51.341636	35.8027802
51.3416632	35.8028749
51.3414489	35.8030249
51.3414173	35.8031791
51.3413159	35.8033435
51.3412932	35.8035038
51.3411969	35.8036426
51.341083	35.8038583
51.3408949	35.8040233
51.340769	35.8043528
51.3407533	35.8044069
51.3406828	35.8045091
51.3406988	35.8046067
51.3407752	35.8047035
51.3408305	35.8047635
51.3408498	35.80481
51.340864	35.8049187
51.3408613	35.8049885
51.3408641	35.8050655
51.3408728	35.8051473
51.3408731	35.8052316
51.3408909	35.8052896
51.3408568	35.8053823
51.3408095	35.8055544
51.3407961	35.8056462
51.3407916	35.8057384
51.3407935	35.8058052
51.3408033	35.8059019
51.3408172	35.8059329
51.3408046	35.8059614
51.3408064	35.8059995
51.3407991	35.8060327
51.340767	35.8061003
51.340692	35.8062198
51.3406654	35.8063182
51.340682	35.8065053
51.3406806	35.806581
51.340702	35.8066156
51.340708	35.8066845
51.3406812	35.8067441
51.3406578	35.8068153
51.340645	35.8068999
51.3406182	35.8069373
51.3406112	35.8069554
51.3405931	35.8070368
51.3405815	35.8070398
51.3405709	35.8070499
51.3405592	35.8070839
51.3405398	35.807095
51.3405304	35.8071075
51.3405185	35.8071371
51.3403892	35.8073059
51.3402627	35.8075061
51.3402173	35.8075604
51.3402175	35.8075829
51.3401951	35.8076054
51.3401863	35.8076333
51.3401692	35.8076397
51.3401071	35.8077191
51.3400354	35.8077769
51.3399215	35.8078499
51.3397974	35.8079154
51.3397395	35.8079835
51.3396483	35.8080559
51.3395897	35.808116
51.3395337	35.8081713
51.338976	35.8085424
51.3388521	35.8087154
51.3385324	35.8089244
51.3385338	35.8092092
51.3382756	35.8100343
51.3379517	35.809996
51.3377945	35.8089719
51.3373958	35.8087425
51.3371966	35.8084962
51.337184	35.8082684
51.3372722	35.8080055
51.3374721	35.8076995
51.337591	35.8076776
51.3376569	35.8076056
51.3376685	35.807232
51.3378654	35.8068544
51.3379371	35.8049108
51.3377468	35.804895
51.3375217	35.8047045
51.3374262	35.8045586
51.3372457	35.804283
51.3372173	35.8042397
51.3371255	35.803864
51.3372596	35.803468
51.3375021	35.8029947
51.3378682	35.8028808
51.3382433	35.8026885
51.3384028	35.8025441
51.3384065	35.8024308
51.3382974	35.8022525
51.3376847	35.801721
51.3373611	35.8007144
51.3372758	35.8006218
51.3366648	35.8002751
51.3366642	35.8001616
51.3365151	35.7998884
51.3365021	35.7996537
51.3362225	35.7992913
51.336	35.7991279
51.3356915	35.7985973
51.3356238	35.7985683
51.3356215	35.7981929
51.3354786	35.7980602
51.3357238	35.7980719
51.3360284	35.7982237
51.3367843	35.7981718
51.3371384	35.7980793
51.3367652	35.7974635
51.3365971	35.7969291
51.3363017	35.7964548
51.3362803	35.7961887
51.3361828	35.7960428
51.3359826	35.7958889
51.3359189	35.7956627
51.336127	35.7947658
51.3360086	35.7944346
51.3360083	35.7942
51.3358632	35.7935404
51.3357092	35.7935051
51.335221	35.7937391
51.3345462	35.79352
51.3344229	35.7934471
51.334353	35.7930652
51.3340939	35.7929584
51.3340553	35.7928896
51.3340193	35.7924398
51.3334738	35.7923166
51.3332623	35.7922079
51.3331384	35.7920733
51.3326828	35.7918993
51.3322937	35.7920999
51.3318477	35.7922171
51.3316724	35.7924974
51.3314439	35.7925933
51.3313517	35.7927613
51.3309809	35.792723
51.33083	35.7927804
51.3307548	35.7928738
51.3306649	35.7931837
51.329987	35.7931714
51.329626	35.7934422
51.3293256	35.7935152
51.3292122	35.7936379
51.3291041	35.7939459
51.3288991	35.7939707
51.328649	35.7941703
51.3284668	35.793485
51.3277362	35.7936337
51.3274582	35.7937632
51.3273501	35.79388
51.3269058	35.7940533
51.327218	35.7928292
51.3271731	35.7928115
51.3270995	35.792857
51.3270044	35.7930953
51.3266484	35.7933513
51.3265141	35.7935195
51.3264162	35.7935037
51.3264069	35.7930159
51.3262208	35.7928983
51.3260699	35.7926899
51.3259259	35.7928102
51.3259206	35.7928693
51.3258204	35.7928658
51.3257269	35.792669
51.325638	35.7926319
51.3250797	35.7928193
51.3247674	35.7928328
51.3246984	35.7927844
51.3248335	35.7923696
51.3247444	35.7920124
51.3247792	35.7918581
51.3245771	35.7917691
51.3245311	35.7910185
51.3242661	35.7908186
51.3239207	35.7910133
51.3232914	35.7910874
51.3230171	35.7909883
51.3231267	35.790843
51.323177	35.7904078
51.3230784	35.7903342
51.322788	35.7903209
51.3227334	35.7902426
51.3225272	35.7901739
51.3224723	35.7901077
51.3225034	35.789995
51.3223954	35.7897938
51.3220021	35.7893982
51.3221476	35.7892761
51.3221002	35.7892094
51.3225585	35.7889843
51.3227102	35.7888299
51.3226389	35.7884278
51.3225455	35.7882496
51.3224665	35.7882052
51.3216694	35.7881446
51.321176	35.7880325
51.3207395	35.7880167
51.319968	35.788148
51.3197548	35.7879685
51.3195707	35.7879284
51.3193661	35.7880032
51.3191655	35.7881572
51.3186625	35.788675
51.3185071	35.7887123
51.3182135	35.7889013
51.3177967	35.788552
51.317485	35.7881172
51.3171788	35.7874999
51.3171246	35.7874296
51.3169495	35.7873617
51.3167622	35.7877701
51.3166392	35.7878788
51.3163269	35.787975
51.3157266	35.788033
51.3153325	35.7882605
51.3149211	35.788265
51.3145916	35.7883434
51.3144779	35.7883436
51.3143519	35.7882957
51.3142258	35.7882196
51.3141229	35.7881268
51.314081	35.7879432
51.3141116	35.787761
51.3141748	35.787693
51.3139523	35.7873356
51.3136854	35.7870987
51.3133576	35.7869156
51.3131796	35.7868684
51.3131045	35.7868488
51.3129996	35.7868529
51.3114704	35.787046
51.3108207	35.7871715
51.3103204	35.7873318
51.3101165	35.7874472
51.3099315	35.7876212
51.3097518	35.7878257
51.3097334	35.7879003
51.3093734	35.7878479
51.3091939	35.7877191
51.3090142	35.7876386
51.3086521	35.7874929
51.3083999	35.7873362
51.3082701	35.7871493
51.3083463	35.7866922
51.308593	35.7860742
51.3087218	35.7857217
51.3087728	35.7855792
51.3088197	35.7854672
51.3089471	35.7853823
51.3086789	35.7853432
51.3082551	35.7854519
51.3070266	35.7859741
51.3064151	35.7853236
51.3062249	35.7854275
51.3060825	35.7853236
51.3053221	35.7861993
51.3044517	35.7870142
51.3041929	35.7873177
51.3038938	35.7876321
51.303749	35.7878116
51.3036283	35.787928
51.3035009	35.7880031
51.3032742	35.7880966
51.3031227	35.7881891
51.3030301	35.7882783
51.3028732	35.7885084
51.3028102	35.7886286
51.302772	35.7887543
51.3027646	35.7893009
51.3028317	35.789995
51.3029029	35.7903366
51.3027539	35.7903311
51.3026801	35.7903007
51.30266	35.7901679
51.3026157	35.7901027
51.3024718	35.7899044
51.3024882	35.7895585
51.3020156	35.7888813
51.3020418	35.788729
51.3022091	35.7885134
51.3022663	35.7881089
51.3022281	35.7878829
51.3022807	35.7876914
51.3028054	35.787463
51.3029378	35.786926
51.3033027	35.7865473
51.3032761	35.7864787
51.303131	35.7864619
51.3031371	35.7862552
51.3032273	35.7860112
51.3034988	35.7855718
51.3034166	35.7851714
51.3037393	35.7851621
51.3038349	35.7849669
51.3037956	35.7847164
51.3039918	35.7843987
51.3039184	35.784291
51.303962	35.7840639
51.303902	35.783658
51.3039379	35.7831204
51.303912	35.7829753
51.3039182	35.7829173
51.3039392	35.7827943
51.3040144	35.7826052
51.3039662	35.7824995
51.3037244	35.7823766
51.3037261	35.7823193
51.3034354	35.7821367
51.3032825	35.7821167
51.3030251	35.782193
51.3028258	35.7820914
51.3027472	35.7820672
51.3026754	35.7819667
51.3024747	35.7817706
51.3020672	35.7814015
51.3020149	35.7813438
51.301956	35.781247
51.3018728	35.7810153
51.3018701	35.7809359
51.3019385	35.780629
51.3019385	35.7805257
51.3019023	35.7803418
51.3018489	35.7802803
51.3011911	35.7799069
51.3009716	35.7797423
51.300765	35.7796074
51.300669	35.7795608
51.2997431	35.779367
51.2994293	35.7792027
51.2991088	35.7790068
51.298921	35.7789394
51.2983256	35.7788132
51.2970944	35.7786826
51.2960524	35.7786113
51.2947596	35.7787044
51.2950667	35.7789318
51.2950787	35.7790395
51.295017	35.779163
51.2953592	35.7796578
51.2953751	35.7805344
51.2955298	35.7812178
51.2946121	35.7813249
51.2939	35.7813188
51.2935333	35.7814666
51.2933887	35.7815746
51.2933154	35.7817873
51.2935334	35.7823666
51.2936559	35.7825115
51.293707	35.782915
51.2937073	35.7830072
51.2935589	35.783071
51.293426	35.7834684
51.2933354	35.7835426
51.2930405	35.7835953
51.2928602	35.7835041
51.2926252	35.7834803
51.2919866	35.7835743
51.2917495	35.7837115
51.2915762	35.7840876
51.2912967	35.7841167
51.2910677	35.7840688
51.290947	35.7840436
51.2906956	35.7840954
51.290277	35.7842957
51.2899288	35.7846437
51.2897474	35.7847181
51.2896216	35.7847127
51.2896278	35.7845631
51.2894677	35.784049
51.2896131	35.7835049
51.2897769	35.7832645
51.2902663	35.7828716
51.2907505	35.7823409
51.2910527	35.7818898
51.2911355	35.7816548
51.2911396	35.7814604
51.2913497	35.7814715
51.2913972	35.7813975
51.2914295	35.7810981
51.291553	35.7807748
51.2914359	35.7807055
51.2912889	35.7803357
51.2913475	35.7802735
51.2911817	35.7802213
51.2910818	35.7800173
51.2909807	35.780024
51.2908317	35.7801162
51.2907521	35.7802806
51.290528	35.7804469
51.2903721	35.7804669
51.2901924	35.7805831
51.2900943	35.7808102
51.2903089	35.7808868
51.290308	35.7809867
51.2899	35.7812882
51.2898499	35.7814751
51.289683	35.78158
51.2896069	35.7815727
51.2895335	35.7815181
51.2895287	35.7811882
51.289383	35.7810687
51.2893402	35.7808938
51.289061	35.7804923
51.2893186	35.7801276
51.2893366	35.7800059
51.2887235	35.7798881
51.2883761	35.7801394
51.2883269	35.7803269
51.2883714	35.7804824
51.2882414	35.7804843
51.2880348	35.7805756
51.287814	35.7802906
51.2874017	35.7801914
51.2875037	35.7799644
51.2874831	35.7796754
51.2873715	35.7795407
51.2871309	35.7794379
51.2867506	35.7796111
51.2865119	35.7796618
51.2863288	35.7798863
51.286023	35.7799118
51.2857977	35.780104
51.28578	35.7802932
51.2861442	35.7806533
51.2858861	35.7810338
51.2857753	35.7812985
51.2857134	35.7815531
51.285783	35.7818618
51.2854009	35.7815702
51.2851607	35.7815695
51.2852045	35.781403
51.2851712	35.7812914
51.2848496	35.7812356
51.2847322	35.7813155
51.2847136	35.7810743
51.2839134	35.7807975
51.2835893	35.7808484
51.2834856	35.7810544
51.2833114	35.7811876
51.2829221	35.7806716
51.2826116	35.7805089
51.2821032	35.7805085
51.2819746	35.7804405
51.281752	35.7804139
51.2817042	35.7804404
51.2816513	35.7806393
51.2812939	35.7805856
51.280843	35.7807502
51.280749	35.7808278
51.2807399	35.7809922
51.2809593	35.7811899
51.2810831	35.7814294
51.2807357	35.7816448
51.2802507	35.7818207
51.2800505	35.7821318
51.2800668	35.7821887
51.2803075	35.7823315
51.2801391	35.7825286
51.2801095	35.7826568
51.2803286	35.783186
51.2798071	35.7831127
51.2795714	35.7830432
51.2793576	35.7829092
51.279248	35.7829295
51.2792314	35.7835996
51.2791297	35.784011
51.2787366	35.7845038
51.278563	35.7846162
51.2782815	35.7846773
51.2783963	35.7845257
51.2784833	35.7841386
51.2782264	35.7840806
51.2783346	35.7838679
51.2782282	35.7836631
51.2781421	35.7836822
51.2779177	35.7839085
51.2777803	35.7837574
51.2776814	35.7835299
51.2775686	35.7829398
51.2775968	35.7827786
51.2777031	35.7826757
51.2774288	35.7823638
51.2773873	35.7821559
51.2774288	35.7820183
51.277272	35.7817285
51.2772581	35.781514
51.2770393	35.7812243
51.2767616	35.7810564
51.2765319	35.7806416
51.2764235	35.7806236
51.2759114	35.780157
51.2757046	35.7801163
51.2752925	35.780149
51.2746797	35.7800258
51.274502	35.7799392
51.274294	35.7799579
51.2741845	35.7799193
51.2740343	35.7796601
51.2738616	35.7795632
51.2733211	35.779507
51.272976	35.7795735
51.2728159	35.7797248
51.272833	35.7798898
51.2730974	35.7801897
51.2735262	35.7804246
51.2737375	35.7806503
51.2739986	35.780712
51.2739946	35.781028
51.273735	35.7811259
51.2733468	35.7811837
51.2730753	35.7812982
51.2728112	35.7814969
51.2727658	35.7816522
51.2727658	35.78213
51.2726675	35.7825612
51.272517	35.7825886
51.2721543	35.7824136
51.271966	35.7824205
51.271825	35.782355
51.2717048	35.7823616
51.2715114	35.7826479
51.2711452	35.7828947
51.2708848	35.7829673
51.2706465	35.7828926
51.2703306	35.7829421
51.26987	35.7826014
51.2695244	35.7825703
51.269339	35.7824945
51.2691988	35.7825165
51.2689761	35.7826886
51.2688033	35.783283
51.2684623	35.7836417
51.2679506	35.7838748
51.2675916	35.7837978
51.2674031	35.7837099
51.2671829	35.7833769
51.2669589	35.7832261
51.2665093	35.7830408
51.2657412	35.7826402
51.262809	35.7819607
51.2626642	35.7821934
51.2625326	35.7823011
51.262288	35.7823533
51.262107	35.7822947
51.262029	35.78209
51.2623962	35.7815154
51.2622946	35.7814196
51.2622773	35.7812565
51.2622845	35.7803589
51.2623649	35.7800513
51.2633401	35.7787238
51.2635811	35.7783957
51.2636065	35.7781389
51.2636192	35.7775099
51.2637919	35.7769494
51.263977	35.7765307
51.2633266	35.7736519
51.2631932	35.77306
51.2626228	35.770749
51.2623819	35.7707843
51.2622304	35.7707702
51.2619387	35.770731
51.2614831	35.7707084
51.2612631	35.7706843
51.2609146	35.7706758
51.260206	35.770657
51.2598783	35.7706286
51.2592644	35.7705995
51.2588703	35.7706113
51.2577706	35.7705373
51.2575686	35.7705514
51.2569934	35.7705215
51.2568479	35.7705167
51.2566273	35.770496
51.2562953	35.7704742
51.25629	35.7704089
51.2562445	35.770337
51.2561801	35.7702565
51.2559481	35.7701219
51.2557295	35.7700432
51.2555364	35.7700236
51.2552708	35.7700062
51.2548427	35.7699369
51.2540173	35.7700931
51.252563	35.7702276
51.2519798	35.7701934
51.2519664	35.7703435
51.2512205	35.7703235
51.2505193	35.7703849
51.2505099	35.7705568
51.2505233	35.770744
51.2505984	35.7711139
51.250644	35.7712663
51.2504429	35.7714208
51.2502149	35.7713511
51.2499627	35.7711575
51.2497401	35.7708245
51.2495658	35.7707266
51.24941	35.7707214
51.2492779	35.7701854
51.2471546	35.7692812
51.2469023	35.7679649
51.245867	35.7670769
51.2457018	35.7665536
51.2446738	35.7659615
51.2433404	35.765066
51.2432277	35.7652705
51.2426966	35.765375
51.2425089	35.7654446
51.242305	35.7656144
51.2422192	35.7657293
51.2421387	35.7658799
51.2403202	35.765967
51.2396002	35.7660411
51.2386126	35.7658484
51.2383623	35.7656221
51.2382544	35.7653271
51.238237	35.7646301
51.235617	35.7637356
51.2320154	35.762519
51.218994	35.7632948
51.2142956	35.7634207
51.2144875	35.7639586
51.2123383	35.7642223
51.2080992	35.7647426
51.2066663	35.7649089
51.2059853	35.7651417
51.2043536	35.7653731
51.2039971	35.7653736
51.2037309	35.7653741
51.2026784	35.7652295
51.2019786	35.7650037
51.2008463	35.7643925
51.2003904	35.7640233
51.1992183	35.7639138
51.1974994	35.763853
51.1953898	35.7637133
51.1904679	35.7636257
51.1895378	35.7637699
51.1891207	35.7638347
51.1870728	35.7650313
51.1839556	35.7671159
51.1830273	35.767566
51.1820644	35.767946
51.1809979	35.7681579
51.1802752	35.7681871
51.1793287	35.7681885
51.1772463	35.7680565
51.1755884	35.76779
51.1746485	35.7675863
51.1725967	35.7671832
51.1677123	35.7659682
51.1655852	35.7651015
51.1642589	35.7642437
51.1628466	35.7628636
51.1618315	35.7613902
51.1611849	35.7614388
51.1605532	35.7614667
51.1585575	35.7613636
51.1575616	35.7612407
51.15639	35.7610834
51.1553332	35.7611052
51.1537372	35.7606619
51.1473052	35.7584702
51.1425981	35.7571503
51.1407062	35.7565915
51.1385644	35.7560501
51.1361657	35.7555102
51.1316459	35.7545646
51.1292613	35.7540551
51.1273544	35.7536862
51.1245628	35.7536586
51.1235896	35.7537516
51.1224237	35.7539841
51.1207367	35.7546558
51.1202264	35.754816
51.1196798	35.7548276
51.1191119	35.7546676
51.118027	35.7541563
51.1175822	35.7540046
51.1165306	35.7537277
51.1149856	35.753019
51.1143956	35.7528153
51.1136146	35.7527269
51.1128776	35.7527069
51.1100591	35.7523043
51.1104848	35.752065
51.1105692	35.7519168
51.1105882	35.7516241
51.1107718	35.7514345
51.1105671	35.75124
51.1105338	35.7510823
51.1104028	35.7509027
51.1101789	35.7508153
51.1098486	35.7507792
51.1095752	35.7506684
51.1093344	35.7506954
51.1091386	35.7508952
51.1092684	35.7509884
51.1094209	35.7512276
51.1095077	35.7514353
51.1095024	35.751583
51.1091471	35.7515107
51.1086654	35.7515005
51.108268	35.7517601
51.1082608	35.7517618
51.1082522	35.7517602
51.1082361	35.7517477
51.1082308	35.7517398
51.1082132	35.7517138
51.1081477	35.7516471
51.108139	35.7516356
51.108136	35.7516317
51.1080988	35.7515828
51.1080898	35.751571
51.1080731	35.7515326
51.1080549	35.7514909
51.1080321	35.7514069
51.1080317	35.7514061
51.108011	35.7513545
51.107987	35.7513122
51.1079329	35.7512372
51.1079157	35.7512231
51.1078952	35.7512126
51.1078674	35.7512053
51.1078527	35.7512014
51.1077984	35.7512015
51.1076613	35.7512259
51.107572	35.7512487
51.1074996	35.7512484
51.1074275	35.7512436
51.1073754	35.7512366
51.1073293	35.7512249
51.1073085	35.7512163
51.1073005	35.751213
51.1072884	35.7512081
51.1072486	35.7511817
51.1071916	35.7511657
51.1071016	35.7511507
51.1070774	35.7511547
51.1070551	35.7511629
51.1070232	35.7511904
51.106988	35.7512452
51.1069477	35.7512981
51.1069358	35.751303
51.1069228	35.7513001
51.1068699	35.7512533
51.1068537	35.7512512
51.1068225	35.7512716
51.1068057	35.7512826
51.1067618	35.751324
51.1067554	35.75133
51.1067179	35.7513709
51.1067094	35.7513802
51.1066895	35.7514169
51.106681	35.7514821
51.10668	35.7514897
51.1066791	35.7514968
51.1066728	35.7515235
51.1066613	35.7515722
51.1066572	35.7516631
51.1066579	35.7516662
51.1066614	35.7516824
51.1066626	35.7516846
51.106671	35.7517003
51.106687	35.7517148
51.1067068	35.7517259
51.1067477	35.7517413
51.1067684	35.7517491
51.1067938	35.7517586
51.1068383	35.751783
51.1068749	35.751814
51.1069058	35.7518534
51.1069285	35.7518939
51.1069432	35.7519374
51.1069577	35.7520147
51.1069671	35.7520644
51.1069674	35.7520663
51.106984	35.7521899
51.1070019	35.7522716
51.1070016	35.7522916
51.107001	35.7523302
51.1070008	35.7523393
51.1070007	35.7523445
51.107	35.7523917
51.1069999	35.7523975
51.1070107	35.752443
51.1070169	35.7524688
51.1070198	35.752481
51.1070249	35.7524925
51.107045	35.7525369
51.1070524	35.7525533
51.1070552	35.7525916
51.1070482	35.7526019
51.1070401	35.7526046
51.1070239	35.75261
51.1070143	35.752618
51.1070222	35.7526542
51.1070317	35.7526796
51.1070351	35.7526885
51.1070325	35.7527013
51.1070238	35.7527126
51.1070181	35.7527199
51.1070079	35.7527331
51.1070043	35.7527378
51.1070007	35.7527396
51.1068844	35.7527976
51.1068693	35.7528051
51.1068356	35.7528125
51.1068088	35.7528109
51.1067833	35.7528049
51.1067629	35.7527949
51.1067129	35.7527702
51.1067056	35.7527666
51.1066906	35.7527624
51.1066791	35.7527655
51.1066718	35.7527826
51.1066699	35.7527995
51.1066633	35.7528087
51.1066532	35.7528096
51.1066517	35.7528082
51.1066279	35.7527867
51.1064903	35.7526618
51.1064285	35.7526051
51.1062622	35.7524524
51.1062234	35.7524259
51.1061979	35.752418
51.1061708	35.7524145
51.1061257	35.7524156
51.1060808	35.7524238
51.1060271	35.7524515
51.1059929	35.7524692
51.1059502	35.7524799
51.1059465	35.7524808
51.1059195	35.7524784
51.1058936	35.7524716
51.1058714	35.7524583
51.1058528	35.7524415
51.10584	35.7524259
51.105824	35.7524064
51.1058203	35.7524019
51.1058102	35.7523842
51.1057963	35.7523599
51.1057808	35.7523152
51.1057747	35.7523027
51.1057473	35.7522469
51.1057139	35.7522126
51.1056857	35.7521961
51.1056618	35.7521822
51.1056562	35.7521789
51.105535	35.7521228
51.1054568	35.7520897
51.1054112	35.7520705
51.1053103	35.7520358
51.1052657	35.7520259
51.1052466	35.7520285
51.1052215	35.7520437
51.1051967	35.7520742
51.1051943	35.7520839
51.1051757	35.7521588
51.1051506	35.7522266
51.1051535	35.7522578
51.1051556	35.7522795
51.1051565	35.7522888
51.1051855	35.7525941
51.1051979	35.7527252
51.1051922	35.7527641
51.105182	35.7528335
51.1051538	35.7528964
51.1051207	35.7529572
51.1050796	35.753083
51.1050288	35.7531676
51.1050014	35.7532133
51.1049851	35.7532404
51.1049477	35.7533159
51.1049165	35.7533699
51.1048802	35.7534221
51.1048189	35.7534819
51.1047904	35.7535149
51.1047771	35.7535531
51.1047766	35.7535842
51.1047764	35.7535929
51.1047801	35.7536105
51.1047843	35.753631
51.1048701	35.7538782
51.1048809	35.753923
51.1048907	35.7539647
51.1048838	35.7540192
51.1048806	35.7540451
51.104882	35.754087
51.104882	35.7540876
51.1048848	35.7540984
51.1048909	35.7541231
51.1049173	35.7541678
51.1049267	35.7542069
51.1049547	35.7542401
51.1049786	35.7542765
51.1049487	35.754309
51.1049381	35.7543205
51.1049237	35.7543435
51.104923	35.7543676
51.104918	35.7543774
51.1049043	35.7543838
51.1048234	35.7543791
51.1047437	35.7543701
51.1046881	35.7543576
51.1045834	35.754334
51.1044962	35.7543039
51.104459	35.7542832
51.1044243	35.7542549
51.1044113	35.7542554
51.1043814	35.7543139
51.1043472	35.7543482
51.1042814	35.7543974
51.1041814	35.754456
51.1040685	35.7545467
51.1040548	35.7545473
51.1040325	35.7545043
51.1040104	35.7544904
51.1039852	35.7544802
51.1039717	35.7544804
51.1039601	35.7544858
51.1039453	35.7545053
51.1039431	35.7545346
51.1039354	35.7545644
51.103891	35.7545506
51.1038792	35.7545513
51.1038392	35.7545698
51.1038259	35.7545718
51.1038006	35.7545684
51.1037768	35.7545609
51.1037588	35.7545463
51.1037483	35.7545425
51.1037348	35.7545447
51.103699	35.7545645
51.1036873	35.754565
51.1036559	35.7545492
51.1036286	35.7545304
51.1036276	35.7545297
51.1036213	35.7545085
51.1036205	35.7544867
51.103648	35.7544102
51.1036704	35.7543174
51.103679	35.7541727
51.1036962	35.7540832
51.1036991	35.7540718
51.1037188	35.7539943
51.1037355	35.7539542
51.1037427	35.7538756
51.1037432	35.7538663
51.1037468	35.7538008
51.1037402	35.7537571
51.1037248	35.7537202
51.1037128	35.7537122
51.1036905	35.753709
51.1036677	35.7537103
51.1034832	35.7537469
51.1033813	35.7537507
51.1033291	35.753767
51.1032805	35.7537774
51.1032689	35.7537765
51.1032669	35.7537764
51.1032551	35.7537711
51.1032474	35.753759
51.1032592	35.7537234
51.1032803	35.7536889
51.103347	35.7536259
51.1034748	35.7534854
51.1035927	35.7533441
51.103644	35.7532715
51.1036802	35.7531901
51.1037072	35.753107
51.1037149	35.7530709
51.1037165	35.7530632
51.103719	35.753021
51.103716	35.7529788
51.1037075	35.7529378
51.1036936	35.7528979
51.1036563	35.7528197
51.1036138	35.7527432
51.1035884	35.752706
51.1035679	35.7526849
51.1034881	35.7526027
51.103453	35.7525196
51.1034321	35.7524873
51.103395	35.7524536
51.1033541	35.752423
51.1033095	35.7524013
51.1032823	35.7523956
51.1032542	35.7523943
51.1032096	35.7524013
51.1031672	35.7524199
51.1030518	35.7525137
51.1030083	35.7525382
51.1029646	35.7525515
51.1029124	35.7525578
51.1028637	35.7525598
51.1028151	35.7525573
51.1027652	35.7525263
51.1027136	35.7525239
51.1026619	35.7525312
51.1026108	35.7525286
51.1025626	35.7525159
51.1025157	35.7524946
51.1024734	35.7524669
51.1024129	35.7524088
51.1023849	35.7523714
51.1023674	35.7523379
51.1023407	35.7522541
51.1022991	35.7521799
51.102297	35.7521544
51.1022957	35.7521387
51.1022977	35.7520975
51.1023038	35.7520409
51.1023062	35.7520187
51.1023064	35.7519365
51.1022975	35.7518104
51.1022853	35.7517104
51.1022663	35.7516705
51.1022424	35.7516325
51.1021983	35.7515761
51.1021866	35.7515615
51.1021354	35.7515157
51.1020801	35.751473
51.102041	35.7514527
51.1018978	35.7514714
51.1017912	35.751518
51.1017045	35.7515765
51.1016117	35.7516226
51.1015661	35.751662
51.1014319	35.751742
51.101397	35.7517681
51.1013368	35.7518297
51.1012949	35.7518957
51.1012823	35.7519332
51.1012805	35.7519564
51.101286	35.751988
51.1012875	35.7519969
51.1012995	35.7520177
51.1013089	35.7520478
51.1013267	35.7520618
51.1013471	35.7521383
51.1014145	35.7522875
51.1014387	35.7523654
51.1014502	35.7524532
51.1014675	35.7524993
51.101469	35.7525185
51.1014721	35.7525269
51.1014969	35.752593
51.1015208	35.7526389
51.1015369	35.7526697
51.1015503	35.7527048
51.1015826	35.752827
51.1015947	35.7529044
51.1016064	35.7529411
51.1016089	35.7529842
51.1016014	35.7530061
51.1015928	35.7530313
51.1015813	35.7531128
51.1015834	35.7531535
51.1015852	35.7531898
51.1015797	35.7532028
51.1015701	35.7532249
51.10155	35.753258
51.1015208	35.7532953
51.1014736	35.7533274
51.1014224	35.7533505
51.1013305	35.7533844
51.101197	35.7534239
51.1011873	35.7534237
51.1011699	35.7533468
51.10115	35.7532677
51.1011359	35.7532278
51.1011166	35.7531897
51.1010633	35.7531115
51.1010177	35.7530336
51.1010022	35.7529965
51.1009829	35.7529674
51.100959	35.7529408
51.1009465	35.7529315
51.1008939	35.7529107
51.1008456	35.7528848
51.100751	35.7528609
51.1006941	35.7528352
51.1006738	35.7528354
51.1006399	35.7528186
51.1005743	35.752752
51.1005505	35.7527436
51.1005249	35.7527394
51.1004997	35.7527462
51.1004831	35.7527613
51.1004781	35.7528005
51.1004812	35.7528339
51.1004926	35.7529572
51.1004893	35.7529937
51.1004871	35.7529979
51.1004683	35.7530342
51.1004364	35.7530652
51.1003976	35.7530891
51.1002709	35.7531525
51.1002229	35.7531721
51.1001261	35.7532027
51.1000833	35.753222
51.1000305	35.7532346
51.0999856	35.7532312
51.0999408	35.7532211
51.099894	35.7532196
51.0997968	35.7532457
51.0997076	35.7532781
51.0996208	35.7533146
51.0995775	35.7533409
51.099546	35.7533744
51.099517	35.7534301
51.0995017	35.7534668
51.0994931	35.7534875
51.0994917	35.7535301
51.099494	35.7535524
51.0994958	35.7535704
51.0995055	35.7536101
51.0995373	35.7536583
51.0995662	35.7536918
51.0995884	35.7537276
51.0996228	35.7537992
51.0996186	35.7538545
51.0996327	35.7539184
51.0996304	35.7539267
51.0996235	35.7539317
51.0996171	35.7539319
51.0995773	35.7539333
51.0995212	35.7539253
51.0994686	35.7539122
51.0992785	35.7538803
51.0991835	35.7538552
51.0990943	35.7538364
51.0990034	35.7538099
51.0989576	35.7538027
51.0989019	35.7538003
51.0988747	35.7538046
51.0988492	35.7538132
51.0987691	35.7538517
51.0986823	35.7539012
51.0985902	35.7539569
51.0985585	35.7539761
51.0985206	35.7540077
51.098492	35.7540425
51.0984751	35.7540783
51.0984673	35.7541159
51.0984656	35.7541741
51.0984661	35.7541826
51.0984693	35.7542323
51.0984821	35.7542781
51.0985162	35.7543538
51.0985423	35.7543937
51.0985904	35.7544671
51.0986677	35.7546115
51.0986989	35.7546457
51.0987383	35.7546765
51.0988652	35.7547497
51.0988958	35.7547734
51.0989088	35.7547835
51.0989368	35.7548216
51.0989334	35.754836
51.0989245	35.754839
51.0988936	35.7548364
51.0988788	35.7548352
51.0988675	35.7548342
51.0988214	35.7548388
51.0987203	35.7548293
51.0986688	35.7548285
51.0985707	35.7548345
51.0985234	35.7548264
51.0984282	35.754797
51.0983423	35.7547588
51.0981721	35.7546754
51.0980567	35.7545999
51.0979721	35.7545626
51.0978863	35.7545338
51.0978128	35.7544799
51.0977679	35.7544618
51.0977436	35.7544626
51.0977099	35.7544565
51.09768	35.7544425
51.0976481	35.7544234
51.0976164	35.7544158
51.0975833	35.7544168
51.0975524	35.7544263
51.0975266	35.7544431
51.0975086	35.7544658
51.0975003	35.7544919
51.0975025	35.7545188
51.0975015	35.7545511
51.0974887	35.7545723
51.0974675	35.7545883
51.0974406	35.7545972
51.0973721	35.7546134
51.0973105	35.7546372
51.0972396	35.7546925
51.0972127	35.7547233
51.0971989	35.7547464
51.09719	35.7547716
51.0971998	35.7548139
51.0972028	35.7548269
51.097219	35.754955
51.0972347	35.754998
51.0972426	35.7550767
51.0972428	35.7550789
51.0972527	35.7551079
51.0973038	35.7552582
51.0973135	35.7553013
51.0973091	35.755321
51.0973021	35.7553344
51.0972996	35.755339
51.0972484	35.7554096
51.0971895	35.7555141
51.0971641	35.7555881
51.097155	35.7556431
51.0971622	35.7556593
51.0971635	35.7556623
51.0971977	35.7556913
51.0972078	35.7556951
51.0972485	35.7557105
51.0973056	35.7557192
51.0974166	35.7557276
51.0974642	35.7557359
51.0975049	35.7557508
51.0975421	35.7557728
51.0975607	35.755792
51.097561	35.7557925
51.0975746	35.7558138
51.097593	35.7558565
51.0976049	35.755898
51.0976052	35.7559083
51.0976061	35.7559415
51.0976051	35.755951
51.0976026	35.7559761
51.0976017	35.7559847
51.0975677	35.7561075
51.0975582	35.7561681
51.0975608	35.7562086
51.0975617	35.7562229
51.0975574	35.7562613
51.0975571	35.7562616
51.0975466	35.7562723
51.0975388	35.7562689
51.0975065	35.7562033
51.0974544	35.7560682
51.0974309	35.7560318
51.0974208	35.7560244
51.0973935	35.7560186
51.0973669	35.7560269
51.0973372	35.7560558
51.097312	35.7560872
51.0971711	35.7562889
51.0971297	35.7563544
51.0971251	35.7563645
51.0970798	35.7564635
51.0969171	35.7566583
51.0968487	35.756754
51.0968274	35.7567892
51.0967838	35.7568611
51.0967559	35.7569152
51.0967466	35.7569161
51.0967415	35.7569095
51.0967299	35.7567317
51.0967295	35.7567257
51.0967239	35.7565663
51.096723	35.7565418
51.0967396	35.7563004
51.0967658	35.7561633
51.0967692	35.7561454
51.0967718	35.7560986
51.0967668	35.7560869
51.0967351	35.7560606
51.0966618	35.7560151
51.0966271	35.7559836
51.0965981	35.7559501
51.096569	35.7559073
51.0965133	35.7557978
51.0964947	35.7557864
51.0964727	35.7557905
51.0964483	35.7558056
51.0963676	35.7558789
51.0962825	35.7559495
51.0962358	35.7559634
51.0961806	35.7559682
51.0961362	35.7559824
51.0960964	35.7560037
51.0960598	35.7560287
51.0959901	35.7560971
51.0958973	35.7562021
51.0958707	35.7562381
51.0958578	35.7562756
51.0958559	35.7562999
51.0958595	35.7563244
51.0958618	35.7563296
51.0958755	35.7563602
51.0959041	35.7564016
51.0959304	35.7565178
51.0959691	35.7565991
51.0959689	35.756619
51.0959613	35.7566363
51.0959597	35.7566575
51.0959585	35.7566736
51.0959621	35.7567019
51.0959905	35.756924
51.0959911	35.7569679
51.0959855	35.7569773
51.0959805	35.7569856
51.0959577	35.7570044
51.095955	35.7570202
51.0959775	35.7570591
51.0959812	35.7570656
51.0960032	35.7571071
51.0960213	35.7571608
51.0960196	35.7571788
51.0960073	35.757186
51.0960027	35.7571859
51.0959406	35.7571837
51.0959322	35.7571888
51.0959178	35.7571923
51.0959067	35.7571867
51.0959037	35.7571762
51.0959019	35.7571357
51.0958976	35.7571212
51.0958883	35.7571086
51.0958656	35.7570858
51.0958435	35.7570779
51.0958167	35.7570761
51.0957917	35.757078
51.0957674	35.7570844
51.0957191	35.7571116
51.0957046	35.757115
51.0956395	35.7571018
51.0955879	35.7571031
51.0955757	35.7571095
51.0955331	35.7571307
51.0955172	35.7571298
51.0954986	35.7571065
51.0954828	35.7570973
51.0954534	35.757095
51.0954006	35.7570977
51.0953716	35.7571107
51.0952979	35.757198
51.0952288	35.7572875
51.0951692	35.7573998
51.0951581	35.7574057
51.0951517	35.7574003
51.0951294	35.7572379
51.0951028	35.7571968
51.0950883	35.7571845
51.0950705	35.7571757
51.094996	35.7571538
51.0949715	35.7571374
51.0949677	35.7571306
51.0949254	35.757107
51.094854	35.7570824
51.0948267	35.7570789
51.0947992	35.7570798
51.0947505	35.7570906
51.0947037	35.7571056
51.0946841	35.757119
51.0946207	35.7572293
51.0945886	35.7572642
51.0944446	35.7573812
51.0943903	35.7574473
51.0943587	35.7574758
51.0943357	35.7574862
51.0943283	35.7574937
51.0943265	35.7575132
51.0943383	35.7575301
51.0943395	35.7575564
51.0943403	35.7575726
51.0943365	35.7576154
51.0943306	35.7576231
51.0943063	35.7576342
51.0942535	35.7577059
51.0942266	35.7577345
51.094205	35.7577659
51.0941942	35.7577691
51.0941875	35.7577586
51.0941942	35.7577126
51.0941969	35.7576935
51.0941965	35.7576132
51.0941882	35.7575946
51.0941733	35.7575792
51.0941234	35.7575703
51.0941115	35.7575654
51.0941072	35.7575551
51.0941101	35.7575368
51.0941067	35.7574954
51.0940978	35.7574547
51.0940865	35.7574188
51.0936704	35.7565435
51.0935839	35.7562732
51.0934701	35.7559179
51.0921226	35.7489801
51.0920783	35.7488362
51.0920291	35.7487229
51.0901497	35.7456386